-0.360237 -0.094291
-0.357622 -0.087305
-0.353691 -0.079333
-0.348375 -0.067719
-0.342661 -0.065463
-0.345380 -0.077642
-0.336258 -0.062968
-0.334625 -0.066994
-0.343178 -0.086642
-0.343285 -0.088067
-0.350410 -0.103149
-0.343773 -0.090146
-0.341787 -0.076341
-0.330917 -0.069677
-0.343831 -0.085490
-0.344472 -0.076291
-0.335225 -0.063946
-0.333384 -0.068994
-0.329723 -0.067304
-0.324281 -0.062432
-0.323907 -0.061706
-0.322330 -0.063278
-0.324933 -0.070033
-0.325062 -0.080612
-0.322562 -0.085771
-0.320455 -0.071986
-0.322769 -0.081817
-0.327130 -0.084500
-0.326042 -0.088497
-0.323095 -0.075733
-0.323402 -0.065181
-0.322176 -0.070115
-0.325641 -0.076814
-0.318854 -0.076256
-0.318639 -0.084887
-0.312494 -0.080902
-0.310985 -0.087096
-0.307241 -0.084223
-0.304031 -0.078442
-0.305832 -0.079759
-0.311412 -0.088701
-0.314975 -0.094347
-0.314790 -0.098677
-0.310954 -0.099041
-0.317759 -0.111213
-0.314848 -0.109538
-0.318490 -0.118867
-0.318288 -0.113826
-0.312878 -0.110395
-0.305987 -0.104388
-0.302253 -0.108425
-0.297855 -0.101900
-0.296378 -0.101202
-0.298951 -0.106512
-0.302162 -0.104959
-0.303371 -0.106278
-0.300787 -0.095220
-0.295519 -0.083886
-0.293668 -0.078071
-0.291653 -0.080133
-0.294231 -0.083101
-0.295566 -0.087243
-0.297430 -0.087492
-0.301978 -0.073266
-0.304308 -0.062025
-0.299343 -0.068506
-0.296985 -0.077545
-0.298081 -0.084175
-0.301342 -0.092457
-0.299475 -0.104866
-0.299658 -0.099748
-0.299785 -0.098573
-0.301992 -0.109199
-0.302002 -0.103702
-0.308714 -0.117034
-0.311472 -0.124176
-0.311374 -0.130261
-0.313845 -0.133254
-0.315314 -0.133807
-0.314608 -0.137259
-0.310864 -0.135007
-0.311936 -0.133052
-0.313164 -0.141666
-0.316879 -0.140648
-0.312228 -0.147673
-0.310069 -0.151225
-0.310100 -0.158462
-0.316652 -0.168135
-0.314298 -0.161177
-0.316444 -0.169161
-0.312437 -0.168449
-0.311439 -0.172882
-0.311728 -0.180528
-0.313731 -0.186151
-0.303514 -0.174761
-0.304668 -0.173363
-0.303609 -0.171387
-0.301668 -0.166957
-0.294695 -0.161278
-0.290976 -0.147258
-0.290654 -0.151982
-0.292076 -0.153192
-0.296613 -0.166543
-0.293446 -0.165220
-0.292993 -0.161987
-0.297364 -0.161794
-0.295549 -0.150604
-0.298543 -0.145509
-0.301662 -0.147144
-0.296890 -0.142375
-0.303724 -0.142997
-0.307728 -0.159708
-0.303892 -0.159863
-0.303489 -0.157969
-0.299988 -0.149303
-0.294300 -0.130784
-0.296943 -0.144707
-0.297672 -0.152224
-0.301163 -0.156509
-0.302977 -0.152750
-0.305479 -0.151156
-0.304255 -0.154335
-0.292502 -0.146616
-0.286258 -0.140426
-0.284396 -0.131393
-0.283841 -0.121294
-0.276997 -0.113175
-0.279918 -0.112269
-0.282171 -0.117371
-0.281374 -0.115142
-0.280584 -0.117732
-0.284254 -0.124569
-0.286356 -0.129901
-0.279359 -0.126416
-0.281459 -0.127534
-0.283104 -0.136009
-0.285688 -0.137092
-0.286672 -0.138886
-0.290914 -0.135888
-0.292767 -0.149681
-0.285641 -0.149737
-0.282354 -0.150716
-0.282339 -0.156911
-0.279671 -0.151827
-0.282403 -0.163187
-0.290194 -0.170651
-0.291203 -0.169690
-0.283923 -0.153050
-0.280096 -0.150046
-0.277516 -0.136043
-0.281792 -0.154032
-0.290678 -0.170862
-0.280525 -0.154070
-0.283333 -0.164277
-0.277844 -0.149465
-0.279167 -0.145839
-0.276369 -0.133536
-0.277466 -0.139128
-0.279827 -0.136029
-0.279568 -0.142430
-0.274052 -0.122964
-0.273633 -0.131254
-0.272997 -0.138596
-0.277856 -0.130824
-0.280965 -0.140341
-0.277098 -0.123683
-0.272608 -0.111584
-0.271537 -0.095434
-0.267024 -0.077204
-0.265360 -0.087323
-0.265852 -0.083950
-0.263154 -0.097586
-0.253073 -0.080115
-0.258333 -0.095611
-0.259510 -0.095367
-0.255856 -0.094411
-0.249072 -0.085836
-0.247723 -0.087980
-0.248443 -0.086628
-0.250703 -0.100272
-0.255783 -0.111927
-0.252678 -0.109395
-0.252886 -0.111488
-0.252731 -0.109900
-0.252567 -0.119604
-0.251898 -0.105680
-0.248481 -0.100290
-0.252803 -0.101017
-0.247672 -0.081557
-0.247239 -0.072692
-0.250530 -0.076670
-0.261088 -0.090512
-0.260950 -0.085146
-0.261121 -0.080020
-0.269503 -0.091281
-0.273673 -0.089286
-0.265843 -0.072199
-0.254869 -0.061210
-0.255800 -0.059407
-0.257824 -0.056000
-0.254648 -0.060345
-0.262418 -0.074742
-0.267284 -0.068568
-0.279927 -0.061519
-0.279038 -0.072798
-0.270965 -0.061436
-0.270146 -0.062643
-0.261696 -0.062054
-0.261236 -0.047675
-0.268346 -0.043137
-0.261321 -0.034854
-0.264587 -0.035834
-0.266429 -0.030128
-0.272280 -0.027312
-0.261906 -0.019358
-0.253549 -0.022224
-0.255869 -0.020034
-0.244961 -0.016274
-0.245227 -0.014023
-0.254177 -0.016573
-0.257029 -0.021682
-0.255682 -0.012035
-0.253218 -0.002086
-0.258897 0.007086
-0.263395 0.011130
-0.266890 0.008966
-0.270841 0.015260
-0.271369 0.005840
-0.283245 0.007121
-0.290760 0.009414
-0.290989 0.006951
-0.286279 0.006099
-0.283848 0.014200
-0.289600 0.014291
-0.286179 0.018860
-0.283770 0.027651
-0.283081 0.031482
-0.288123 0.033416
-0.290103 0.034023
-0.278545 0.034039
-0.277042 0.033181
-0.273874 0.038920
-0.275002 0.043986
-0.283703 0.044702
-0.278394 0.043279
-0.273675 0.047874
-0.268489 0.043796
-0.276671 0.037641
-0.275413 0.041646
-0.270837 0.040908
-0.270630 0.050022
-0.273410 0.044764
-0.271763 0.044760
-0.265695 0.048675
-0.262059 0.049935
-0.263797 0.046079
-0.263501 0.041541
-0.265129 0.036690
-0.263002 0.036843
-0.257005 0.036690
-0.257344 0.043382
-0.249413 0.047904
-0.256824 0.040849
-0.254759 0.032326
-0.266414 0.038740
-0.258759 0.043627
-0.251621 0.053896
-0.260993 0.064792
-0.254509 0.066390
-0.254677 0.074502
-0.255706 0.074395
-0.254097 0.069705
-0.257790 0.076640
-0.254392 0.081798
-0.252801 0.091287
-0.247347 0.101731
-0.250465 0.109688
-0.248024 0.123964
-0.247661 0.124000
-0.250153 0.114032
-0.252906 0.112430
-0.257239 0.109383
-0.255086 0.106779
-0.254177 0.107075
-0.252425 0.107696
-0.254106 0.104198
-0.245582 0.102842
-0.239444 0.114915
-0.239160 0.105749
-0.245269 0.102987
-0.245536 0.111073
-0.246423 0.114711
-0.251870 0.110540
-0.253036 0.123115
-0.258620 0.111056
-0.254509 0.122224
-0.255178 0.116411
-0.250940 0.122245
-0.247192 0.117063
-0.244458 0.113920
-0.246596 0.099127
-0.240309 0.100996
-0.235545 0.112910
-0.233003 0.124964
-0.236588 0.124732
-0.234276 0.123102
-0.231268 0.117416
-0.232728 0.114894
-0.234606 0.099300
-0.228680 0.102331
-0.232158 0.104367
-0.231458 0.098843
-0.226033 0.101391
-0.228315 0.102503
-0.230476 0.102096
-0.232786 0.089161
-0.231180 0.089441
-0.221379 0.095257
-0.225351 0.098086
-0.216394 0.101433
-0.214556 0.111574
-0.212760 0.114800
-0.217944 0.114919
-0.213444 0.117508
-0.215994 0.106939
-0.207616 0.097232
-0.210516 0.096819
-0.211405 0.096475
-0.209093 0.092985
-0.207229 0.091664
-0.202727 0.091337
-0.200629 0.091031
-0.194903 0.106392
-0.199475 0.108881
-0.200017 0.100628
-0.189616 0.103258
-0.185124 0.105262
-0.183605 0.100982
-0.181290 0.108005
-0.179092 0.101372
-0.183473 0.092385
-0.187936 0.087747
-0.185248 0.084664
-0.189253 0.082155
-0.182899 0.094406
-0.182303 0.089128
-0.184955 0.079672
-0.194010 0.074290
-0.192575 0.068352
-0.199366 0.072877
-0.196601 0.080072
-0.183809 0.085374
-0.184716 0.078375
-0.185663 0.069858
-0.179946 0.072546
-0.190477 0.065518
-0.200743 0.056187
-0.198828 0.052766
-0.189865 0.051745
-0.184682 0.056351
-0.186770 0.053973
-0.179298 0.073593
-0.180419 0.068888
-0.183835 0.062879
-0.171257 0.070292
-0.174685 0.063235
-0.178911 0.049077
-0.131101 -0.123784
-0.131610 -0.147826
-0.131456 -0.109473
-0.127211 -0.127648
-0.128328 -0.122986
-0.129667 -0.133841
-0.132688 -0.133280
-0.132224 -0.120629
-0.132057 -0.110411
-0.130872 -0.133397
-0.128788 -0.144131
-0.126449 -0.161351
-0.123622 -0.147169
-0.119842 -0.131972
-0.121776 -0.141281
-0.117992 -0.125324
-0.115407 -0.131478
-0.116912 -0.108662
-0.115130 -0.105399
-0.114376 -0.107898
-0.110637 -0.109311
-0.106493 -0.124599
-0.099687 -0.131531
-0.099676 -0.117010
-0.101521 -0.108215
-0.101338 -0.106444
-0.102098 -0.114666
-0.098869 -0.118802
-0.094786 -0.119397
-0.094015 -0.119960
-0.088739 -0.135831
-0.092032 -0.127976
-0.097213 -0.110061
-0.099021 -0.103038
-0.099957 -0.078801
-0.099429 -0.091185
-0.097198 -0.100021
-0.098303 -0.098108
-0.096846 -0.098305
-0.097862 -0.093402
-0.097394 -0.096690
-0.094758 -0.116285
-0.091554 -0.128533
-0.090757 -0.134743
-0.093089 -0.144506
-0.089730 -0.159950
-0.091156 -0.168365
-0.089467 -0.178682
-0.093380 -0.163962
-0.089337 -0.176418
-0.089079 -0.180889
-0.092183 -0.176595
-0.093570 -0.170504
-0.090785 -0.167377
-0.088627 -0.169771
-0.087359 -0.167469
-0.086978 -0.163492
-0.085894 -0.170010
-0.086532 -0.173344
-0.088109 -0.173262
-0.088933 -0.172280
-0.092784 -0.165462
-0.091256 -0.169283
-0.093260 -0.165058
-0.094376 -0.169301
-0.094565 -0.174677
-0.090688 -0.181185
-0.091000 -0.181761
-0.091883 -0.179851
-0.092674 -0.179429
-0.092046 -0.186451
-0.095669 -0.190616
-0.097554 -0.183714
-0.097927 -0.182624
-0.100087 -0.176604
-0.098864 -0.171886
-0.098775 -0.174467
-0.103071 -0.171180
-0.102505 -0.162215
-0.105956 -0.166807
-0.105560 -0.174277
-0.108933 -0.170960
-0.109130 -0.168974
-0.107970 -0.175933
-0.107984 -0.176570
-0.111696 -0.172035
-0.110909 -0.174561
-0.112713 -0.174360
-0.113735 -0.175963
-0.114138 -0.174414
-0.112872 -0.180251
-0.111422 -0.175949
-0.108707 -0.174977
-0.108949 -0.172023
-0.111185 -0.176759
-0.113322 -0.188413
-0.116253 -0.183797
-0.115746 -0.179426
-0.117486 -0.178924
-0.120350 -0.181844
-0.122389 -0.184331
-0.121879 -0.185794
-0.122236 -0.187413
-0.119842 -0.192711
-0.120714 -0.187850
-0.118793 -0.188980
-0.121043 -0.190435
-0.121558 -0.182796
-0.118292 -0.177129
-0.122860 -0.177112
-0.123620 -0.179883
-0.124501 -0.181693
-0.124967 -0.173685
-0.124147 -0.174456
-0.123196 -0.173834
-0.121299 -0.167457
-0.121858 -0.170509
-0.121218 -0.166099
-0.123648 -0.172475
-0.122645 -0.178226
-0.124720 -0.171428
-0.125155 -0.177858
-0.126292 -0.174928
-0.126111 -0.167990
-0.127394 -0.169452
-0.126910 -0.151639
-0.127191 -0.159531
-0.129914 -0.158073
-0.136631 -0.165292
-0.133288 -0.151422
-0.136017 -0.143690
-0.135903 -0.130504
-0.138078 -0.127228
-0.139220 -0.129422
-0.143061 -0.146166
-0.143426 -0.152996
-0.144400 -0.155734
-0.149057 -0.157376
-0.148557 -0.154138
-0.148565 -0.150249
-0.150557 -0.149156
-0.149746 -0.147617
-0.147966 -0.155446
-0.146838 -0.141499
-0.145524 -0.126351
-0.145591 -0.128286
-0.143815 -0.126762
-0.140724 -0.112387
-0.139895 -0.105334
-0.137730 -0.101635
-0.142763 -0.107180
-0.140356 -0.094560
-0.141438 -0.096759
-0.144218 -0.106503
-0.146104 -0.113382
-0.143977 -0.103471
-0.145502 -0.111807
-0.150908 -0.114246
-0.151422 -0.109603
-0.152077 -0.106856
-0.151907 -0.106045
-0.147577 -0.092902
-0.145424 -0.084639
-0.147000 -0.091738
-0.149632 -0.098573
-0.155690 -0.116561
-0.154343 -0.111100
-0.155155 -0.117203
-0.157165 -0.124366
-0.160726 -0.130508
-0.153465 -0.105815
-0.151800 -0.102541
-0.144868 -0.085095
-0.142242 -0.078622
-0.143327 -0.080104
-0.142645 -0.071280
-0.138045 -0.063154
-0.143640 -0.067910
-0.142221 -0.064157
-0.138470 -0.063775
-0.141336 -0.060439
-0.143497 -0.057869
-0.137323 -0.052467
-0.138377 -0.048318
-0.139872 -0.046679
-0.142007 -0.048050
-0.142433 -0.047079
-0.146980 -0.050906
-0.147006 -0.044890
-0.137183 -0.040713
-0.143185 -0.051261
-0.144125 -0.055199
-0.139169 -0.049634
-0.138049 -0.046140
-0.139945 -0.053487
-0.138294 -0.046564
-0.138952 -0.048636
-0.139809 -0.049592
-0.135375 -0.043821
-0.134000 -0.040017
-0.131614 -0.036553
-0.129015 -0.032845
-0.130891 -0.039393
-0.136117 -0.041820
-0.135221 -0.035198
-0.135843 -0.031548
-0.135387 -0.028893
-0.135806 -0.030510
-0.135083 -0.027690
-0.138898 -0.022220
-0.140319 -0.019205
-0.142045 -0.015223
-0.141842 -0.011434
-0.147203 -0.010632
-0.148477 -0.007555
-0.155260 -0.004453
-0.156333 0.002618
-0.159492 0.009729
-0.153882 0.001838
-0.156060 0.001020
-0.147838 0.014111
-0.150494 0.025721
-0.158092 0.026159
-0.155452 0.031762
-0.154312 0.014523
-0.158652 0.010302
-0.157220 0.023510
-0.155871 0.050842
-0.157638 0.043935
-0.159614 0.032031
-0.156853 0.024408
-0.157918 0.022180
-0.154049 0.008693
-0.156138 0.006325
-0.155365 0.009490
-0.150308 0.009039
-0.152731 0.013674
-0.149217 0.013113
-0.150161 0.017307
-0.146417 0.003594
-0.146359 -0.001172
-0.147172 0.010712
-0.149720 0.014669
-0.148599 0.015595
-0.148263 0.019893
-0.149000 0.014872
-0.143743 0.029125
-0.143838 0.027528
-0.143665 0.010273
-0.143053 0.008428
-0.142497 0.001277
-0.143746 -0.011551
-0.144450 -0.002977
-0.142273 -0.000637
-0.142126 0.006354
-0.145974 0.010217
-0.141293 0.024289
-0.144587 0.017313
-0.143743 0.024875
-0.139292 0.041708
-0.135389 0.030721
-0.134553 0.024706
-0.131844 0.014053
-0.129790 0.023921
-0.127312 0.022813
-0.127245 0.007453
-0.129838 0.007583
-0.124460 0.014541
-0.119184 0.013430
-0.116876 0.030632
-0.117724 0.047600
-0.112736 0.053433
-0.110101 0.042926
-0.110565 0.040698
-0.109415 0.030045
-0.108548 0.043449
-0.105978 0.044859
-0.104508 0.032896
-0.103016 0.047246
-0.099565 0.033971
-0.098358 0.034348
-0.098676 0.021568
-0.095324 0.016683
-0.094856 0.027906
-0.094435 0.021538
-0.093793 0.010987
-0.094572 0.014580
-0.095912 0.003709
-0.093868 0.002465
-0.093654 -0.003803
-0.093955 0.005527
-0.091586 0.009947
-0.096079 0.013921
-0.097895 0.011189
-0.098931 0.016897
-0.097916 0.027209
-0.094794 0.027390
-0.095256 0.032652
-0.095978 0.033364
-0.090324 0.021141
-0.089397 0.019998
-0.089017 0.022571
-0.090446 0.010756
-0.091898 0.016306
-0.087586 0.014420
-0.086630 0.027180
-0.084120 0.022101
-0.082451 0.023552
-0.079606 0.022676
-0.075659 0.013179
-0.077990 0.015759
-0.074118 0.011568
-0.071857 0.011894
-0.074435 0.008080
-0.075149 0.009582
-0.075040 0.010262
-0.077291 -0.002052
-0.081156 0.004463
-0.078801 0.004403
-0.078245 0.005432
-0.075832 0.011240
-0.076403 0.022858
-0.079341 0.026035
-0.081390 0.030612
-0.081491 0.029070
-0.081841 0.033872
-0.081700 0.042222
-0.080537 0.055929
-0.078308 0.056669
-0.080752 0.057923
-0.078695 0.055576
-0.075903 0.056350
-0.072775 0.045975
-0.072963 0.055369
-0.073581 0.057245
-0.076960 0.067134
-0.078086 0.077259
-0.071441 0.077967
-0.076685 0.075145
-0.076034 0.076082
-0.075967 0.072079
-0.074107 0.071797
-0.076745 0.074876
-0.077875 0.061720
-0.073903 0.066278
-0.075354 0.062387
-0.075820 0.067630
-0.075480 0.054405
-0.074548 0.052546
-0.072199 0.052875
-0.069545 0.062506
-0.070653 0.052208
-0.071277 0.046551
-0.071196 0.049033
-0.072004 0.055952
-0.072764 0.062856
-0.074905 0.054843
-0.072522 0.065154
-0.078070 0.062897
-0.081451 0.058414
-0.079581 0.043003
-0.079145 0.042936
-0.077866 0.026295
-0.071370 0.024440
-0.072599 0.027749
-0.072117 0.027715
-0.070055 0.021597
-0.068388 0.032998
-0.067148 0.025646
-0.064228 0.030411
-0.066868 0.019541
-0.068582 0.013350
-0.069130 0.011992
-0.070540 0.018257
-0.066101 0.026564
-0.067561 0.014141
-0.068178 0.003032
-0.066211 -0.004168
-0.066055 0.002315
-0.065832 0.016437
-0.062646 0.024369
-0.062761 0.022136
-0.064423 0.021072
-0.066375 0.008518
-0.064478 0.000813
-0.061661 0.014252
-0.060440 0.027250
-0.060468 0.033632
-0.060771 0.039240
-0.062589 0.044415
-0.062103 0.047132
-0.058530 0.054537
-0.063456 0.058321
-0.062786 0.057913
-0.060233 0.060901
-0.061374 0.047805
-0.061688 0.047454
-0.062340 0.051472
-0.057769 0.046384
-0.059585 0.043373
-0.057146 0.045093
-0.063772 0.043084
-0.063750 0.042952
-0.055991 0.047303
-0.057273 0.050458
-0.059265 0.049796
-0.060292 0.049677
-0.062872 0.051951
-0.061260 0.048198
-0.058749 0.045914
-0.056777 0.049208
-0.055941 0.052459
-0.055552 0.050572
-0.055568 0.054181
-0.058615 0.049982
-0.054389 0.045517
-0.054544 0.040259
-0.052775 0.033299
-0.052013 0.041448
-0.052876 0.032574
-0.053773 0.014863
-0.052991 0.016597
-0.055020 0.003739
-0.059593 -0.009371
-0.058343 -0.005750
-0.056941 -0.001849
-0.054334 -0.001785
-0.053991 -0.008376
-0.056567 -0.010030
-0.055081 -0.000143
-0.053716 0.004115
-0.055166 0.001840
-0.058061 0.001883
-0.059309 0.015462
-0.059589 0.013125
-0.055516 0.029078
-0.055243 0.034076
-0.056479 0.043114
-0.057724 0.036453
-0.059126 0.042645
-0.061500 0.053037
-0.059450 0.053947
-0.054450 0.058011
-0.054224 0.066454
-0.057360 0.071801
-0.060401 0.078339
-0.059734 0.081850
-0.058266 0.085250
-0.058312 0.095139
-0.062317 0.094591
-0.064233 0.103954
-0.065843 0.106878
-0.067018 0.109750
-0.068554 0.112264
-0.069540 0.113320
-0.066789 0.108385
-0.065405 0.111721
-0.060962 0.112428
-0.061074 0.107705
-0.058067 0.098569
-0.058329 0.100091
-0.060505 0.113375
-0.059318 0.110315
-0.055475 0.099266
-0.055628 0.099361
-0.055880 0.104229
-0.059403 0.113829
-0.059552 0.115894
-0.058788 0.119281
-0.059595 0.109268
-0.058545 0.104015
-0.057926 0.103906
-0.060022 0.104292
-0.058286 0.099208
-0.061720 0.111797
-0.062531 0.105379
-0.067180 0.109426
-0.066838 0.113768
-0.065021 0.108181
-0.068371 0.110452
-0.066694 0.108064
-0.068105 0.117482
-0.069458 0.123261
-0.069302 0.115879
-0.070908 0.124374
-0.070089 0.126457
-0.070616 0.129808
-0.066916 0.130229
-0.068668 0.135819
-0.069657 0.140161
-0.068941 0.132525
-0.069235 0.133690
-0.067517 0.127317
-0.068793 0.142654
-0.068792 0.132621
-0.066889 0.132245
-0.063464 0.128304
-0.065810 0.133812
-0.064015 0.144220
-0.064746 0.144365
-0.060775 0.132188
-0.058841 0.136166
-0.061985 0.149520
-0.063872 0.155161
-0.064567 0.147504
-0.064787 0.147802
-0.060730 0.133885
-0.059337 0.134710
-0.060961 0.139044
-0.060910 0.139248
-0.060849 0.150285
-0.063542 0.155209
-0.064570 0.163834
-0.063535 0.164760
-0.063022 0.169578
-0.063856 0.167858
-0.062935 0.172900
-0.061104 0.180018
-0.062216 0.184686
-0.064267 0.180129
-0.062021 0.178865
-0.059583 0.184105
-0.057365 0.175781
-0.055550 0.169832
-0.052524 0.171397
-0.052696 0.167471
-0.051008 0.166275
-0.049167 0.155290
-0.048532 0.155337
-0.047737 0.159514
-0.045402 0.152680
-0.044084 0.137417
-0.044049 0.141187
-0.043334 0.132673
-0.042185 0.140594
-0.038314 0.131684
-0.039097 0.135213
-0.039061 0.133874
-0.035407 0.135259
-0.036572 0.133759
-0.037689 0.132276
-0.037447 0.139356
-0.035942 0.129036
-0.036248 0.136009
-0.036600 0.131710
-0.034963 0.140018
-0.035986 0.142053
-0.034852 0.144699
-0.036053 0.149647
-0.037458 0.145888
-0.038099 0.141312
-0.038814 0.152448
-0.035411 0.148826
-0.033865 0.146476
-0.031616 0.150446
-0.033623 0.151487
-0.033474 0.152037
-0.034076 0.157314
-0.032269 0.155514
-0.034411 0.159785
-0.031274 0.164357
-0.029774 0.167652
-0.032214 0.171699
-0.032901 0.174342
-0.029658 0.179757
-0.030755 0.189517
-0.030983 0.192816
-0.030719 0.186694
-0.028400 0.185961
-0.027731 0.177621
-0.026570 0.176901
-0.025073 0.177918
-0.022836 0.166438
-0.018933 0.155308
-0.021410 0.156936
-0.021612 0.159577
-0.022225 0.151802
-0.023019 0.151577
-0.021826 0.143451
-0.021448 0.138497
-0.022821 0.136049
-0.026162 0.143574
-0.024405 0.144066
-0.022236 0.146155
-0.022162 0.143156
-0.022206 0.146878
-0.020762 0.139982
-0.022598 0.144752
-0.022468 0.140473
-0.018136 0.143075
-0.015154 0.143600
-0.016240 0.138854
-0.013779 0.140508
-0.013931 0.134747
-0.011422 0.126783
-0.008247 0.131849
-0.005755 0.133992
-0.004094 0.140783
-0.004392 0.130131
-0.003494 0.136766
-0.002370 0.134075
0.001284 0.137699
0.002089 0.137451
0.004434 0.127024
0.004762 0.132844
0.004820 0.130645
0.005143 0.124130
0.007293 0.131043
0.006678 0.130794
0.006701 0.124870
0.005629 0.125262
0.003543 0.124671
0.001436 0.124720
0.005079 0.125242
0.010282 0.130644
0.008696 0.127456
0.009252 0.117557
0.009407 0.117503
0.009195 0.113051
0.012728 0.122166
0.012373 0.132714
0.012811 0.125535
0.012076 0.127902
0.015986 0.124312
0.017810 0.126638
0.020072 0.133222
0.021634 0.127186
0.024995 0.131049
0.025279 0.125721
0.027954 0.116882
0.025836 0.117184
0.024526 0.113400
0.027437 0.114697
0.029608 0.104699
0.026599 0.094116
0.024721 0.087343
0.025240 0.089203
0.023482 0.081760
0.025113 0.079534
0.025407 0.072141
0.028539 0.074195
0.027216 0.070221
0.025142 0.061520
0.022941 0.056912
0.024916 0.056678
0.024891 0.060786
0.037168 -0.058981
0.034301 -0.066569
0.035667 -0.069855
0.037530 -0.059583
0.037429 -0.062633
0.037351 -0.062163
0.035542 -0.073592
0.037340 -0.079950
0.038522 -0.077184
0.041028 -0.066453
0.040674 -0.065105
0.040940 -0.069953
0.043389 -0.068451
0.043854 -0.066425
0.042883 -0.058151
0.038742 -0.069403
0.039970 -0.062655
0.038549 -0.063925
0.036037 -0.063333
0.037757 -0.058031
0.035642 -0.065273
0.033664 -0.070691
0.030180 -0.081919
0.030382 -0.074944
0.033201 -0.066773
0.030157 -0.075707
0.030655 -0.064301
0.034051 -0.059366
0.032088 -0.069461
0.033887 -0.067845
0.034352 -0.070000
0.030793 -0.081376
0.031577 -0.084264
0.035901 -0.081890
0.035545 -0.088416
0.035277 -0.095105
0.033552 -0.092568
0.032229 -0.091668
0.032002 -0.104824
0.030208 -0.106757
0.031350 -0.121450
0.030642 -0.114346
0.030684 -0.129081
0.028142 -0.113072
0.029331 -0.116476
0.029962 -0.120088
0.029777 -0.111456
0.026955 -0.123381
0.028210 -0.117643
0.027543 -0.121969
0.025043 -0.132855
0.023233 -0.130274
0.022960 -0.139226
0.024764 -0.144980
0.023139 -0.129467
0.019124 -0.127411
0.019672 -0.128605
0.019258 -0.135179
0.016568 -0.134870
0.017053 -0.140010
0.013945 -0.124852
0.013956 -0.127110
0.014067 -0.120633
0.013920 -0.109599
0.011889 -0.108321
0.013344 -0.099417
0.009605 -0.098866
0.008554 -0.107251
0.009079 -0.117633
0.011318 -0.112746
0.011227 -0.112519
0.008345 -0.125129
0.009116 -0.119917
0.010297 -0.120450
0.011172 -0.126448
0.010157 -0.132256
0.009415 -0.123647
0.006631 -0.113954
0.005170 -0.110623
0.004178 -0.117704
0.002530 -0.110378
0.001030 -0.101730
-0.000009 -0.095945
-0.002781 -0.101239
-0.005017 -0.100394
-0.003668 -0.094669
-0.004955 -0.093969
-0.003017 -0.087533
-0.003598 -0.086614
-0.007915 -0.086305
-0.009937 -0.092139
-0.009655 -0.089721
-0.010772 -0.081088
-0.010623 -0.086968
-0.006443 -0.081463
-0.007133 -0.094477
-0.008208 -0.089469
-0.008957 -0.093442
-0.011379 -0.090246
-0.011214 -0.098007
-0.009029 -0.092522
-0.009209 -0.087091
-0.010208 -0.092955
-0.009698 -0.097350
-0.008502 -0.097957
-0.008739 -0.103423
-0.010504 -0.092117
-0.010244 -0.089944
-0.011865 -0.085920
-0.013579 -0.089190
-0.011227 -0.085037
-0.015226 -0.088885
-0.016439 -0.078737
-0.014361 -0.085755
-0.019025 -0.085460
-0.018419 -0.085240
-0.015736 -0.075388
-0.009032 -0.073186
-0.009633 -0.068813
-0.008208 -0.068870
-0.007870 -0.069556
-0.005658 -0.072041
-0.008177 -0.073517
-0.007231 -0.072487
-0.007648 -0.065791
-0.003453 -0.052943
-0.002193 -0.048133
-0.002737 -0.040086
-0.003766 -0.045882
-0.002718 -0.042469
-0.000142 -0.038055
0.001547 -0.030791
0.002011 -0.022474
-0.000132 -0.020483
-0.001843 -0.015002
0.000990 0.003767
0.004326 0.006721
0.002241 0.006087
-0.002182 -0.009399
-0.000233 -0.025235
0.001600 -0.026510
0.001010 -0.034256
0.001376 -0.033749
-0.001754 -0.032073
-0.002794 -0.034578
-0.005443 -0.037107
-0.007864 -0.049060
-0.008253 -0.050717
-0.006615 -0.042186
-0.009087 -0.049018
-0.008007 -0.050680
-0.010616 -0.056036
-0.015353 -0.061079
-0.011362 -0.067952
-0.012168 -0.060719
-0.013631 -0.057431
-0.011310 -0.056165
-0.014053 -0.049290
-0.013890 -0.053444
-0.010803 -0.054530
-0.010809 -0.050236
-0.007257 -0.052271
-0.006627 -0.060145
-0.008472 -0.058831
-0.011055 -0.059116
-0.012826 -0.061669
-0.010960 -0.066982
-0.010660 -0.066110
-0.014536 -0.072055
-0.016575 -0.069735
-0.015467 -0.079916
-0.015049 -0.080253
-0.014497 -0.075986
-0.013898 -0.079518
-0.012945 -0.077661
-0.011004 -0.078070
-0.009991 -0.074738
-0.011679 -0.062629
-0.013450 -0.063086
-0.015415 -0.065562
-0.015020 -0.064568
-0.018996 -0.071898
-0.018926 -0.074180
-0.019635 -0.079965
-0.019659 -0.080360
-0.018614 -0.088048
-0.019601 -0.081449
-0.019847 -0.074387
-0.013498 -0.073214
-0.013495 -0.068534
-0.012514 -0.071676
-0.007397 -0.060363
-0.005804 -0.058018
-0.002967 -0.049727
-0.005549 -0.048285
-0.006527 -0.037391
-0.006556 -0.039638
-0.001416 -0.043647
-0.003230 -0.037815
-0.001175 -0.038766
-0.004576 -0.027572
0.005060 0.024653
0.002399 0.015097
0.008405 0.021235
0.009843 0.005003
0.013850 0.015127
0.012331 0.014906
0.012220 0.019182
0.011986 0.016513
0.014708 0.008751
0.009369 -0.020726
0.007494 0.001381
0.014549 0.009704
0.012541 0.011635
0.014913 0.001812
0.018038 0.003641
0.019445 0.004978
0.019263 0.005337
0.026058 0.010504
0.027350 -0.000560
0.025495 0.004649
0.027492 0.003711
0.029878 0.001218
0.030047 -0.010594
0.025002 -0.023428
0.023374 -0.026702
0.021098 -0.034623
0.017695 -0.036681
0.020539 -0.029469
0.018654 -0.034256
0.016079 -0.038087
0.018211 -0.039993
0.016451 -0.046380
0.011570 -0.052783
0.014241 -0.045638
0.013413 -0.048494
0.014775 -0.057760
0.019128 -0.053221
0.020406 -0.043818
0.026803 -0.034139
0.025721 -0.032421
0.026322 -0.036718
0.025243 -0.031747
0.030841 -0.031106
0.031491 -0.028537
0.031046 -0.030579
0.027928 -0.040508
0.031568 -0.040286
0.031437 -0.041319
0.032965 -0.037200
0.035108 -0.028330
0.035801 -0.023429
0.036532 -0.011140
0.035244 -0.005370
0.033920 -0.018638
0.038376 -0.011153
0.039168 -0.010945
0.039256 -0.001125
0.039744 0.001652
0.039507 0.005600
0.041232 0.007301
0.041672 0.001830
0.041930 -0.001190
0.041954 -0.007656
0.042777 -0.010078
0.041405 -0.019512
0.043870 -0.021910
0.044313 -0.023590
0.042545 -0.024211
0.040758 -0.031961
0.039964 -0.033890
0.042451 -0.029930
0.039581 -0.027478
0.038995 -0.019925
0.035256 -0.019511
0.035721 -0.013620
0.036168 -0.008269
0.033352 -0.019860
0.031565 -0.021379
0.033922 -0.011019
0.035615 -0.017544
0.036732 -0.018517
0.037858 -0.015842
0.039521 -0.014689
0.041537 -0.020362
0.041876 -0.025994
0.040192 -0.018647
0.040855 -0.017091
0.039527 -0.016840
0.041241 -0.016135
0.039531 -0.015427
0.037961 -0.006882
0.039446 -0.003347
0.039946 0.003964
0.037718 -0.004132
0.035946 -0.004859
0.036748 -0.009131
0.036112 -0.005421
0.038254 -0.013463
0.036585 -0.014245
0.034280 -0.013131
0.034573 -0.025910
0.033117 -0.018116
0.033321 -0.017007
0.027877 -0.019397
0.026176 -0.022436
0.025462 -0.018643
0.023096 -0.016167
0.021811 -0.022057
0.024016 -0.015717
0.024894 -0.011254
0.027059 0.001347
0.027045 0.006781
0.024191 0.011916
0.024265 0.013202
0.026881 0.013483
0.026337 0.004268
0.022511 0.002996
0.021614 0.005325
0.017556 -0.000851
0.016944 -0.009619
0.012795 -0.014064
0.011761 -0.009119
0.012956 -0.005673
0.009944 -0.015371
0.009366 -0.015010
0.011376 -0.007361
0.012865 -0.011387
0.013877 -0.008191
0.014083 -0.009034
0.013677 -0.010475
0.014231 -0.015462
0.014564 -0.016942
0.017251 -0.013968
0.016901 -0.022162
0.017604 -0.021478
0.014005 -0.024331
0.015672 -0.019998
0.018189 -0.016925
0.017558 -0.021223
0.018655 -0.019709
0.020894 -0.015899
0.020688 -0.012559
0.022565 -0.010784
0.021793 -0.010995
0.024002 -0.008954
0.024088 -0.005863
0.023480 -0.002838
0.020844 -0.011522
0.021376 -0.007729
0.021497 -0.006346
0.020931 -0.007425
0.020456 -0.004360
0.019058 -0.004749
0.017623 -0.009713
0.016249 -0.009610
0.012963 -0.013057
0.014303 -0.004682
0.011609 0.000145
0.009079 -0.000848
0.008280 -0.001104
0.003059 -0.005378
0.002558 -0.010421
0.004223 -0.016603
0.004413 -0.016364
0.005348 -0.009730
0.001992 -0.011185
-0.000365 -0.018469
-0.000170 -0.011055
0.000988 -0.015472
-0.000780 -0.005237
0.000724 -0.003891
-0.001372 -0.005692
-0.006248 -0.011508
-0.011327 -0.020699
-0.005261 -0.010132
-0.007649 -0.012872
-0.005388 -0.016345
-0.001050 -0.007485
-0.000672 -0.006072
-0.001863 -0.005473
-0.000623 -0.003782
0.000102 -0.001849
-0.000560 0.000588
0.000350 0.004637
0.003697 0.011106
0.005303 0.013643
0.006709 0.012059
0.005453 0.009098
0.002890 0.008411
-0.001733 0.004441
-0.003242 0.004425
-0.001739 0.003006
-0.002773 -0.003305
-0.005115 -0.010635
-0.006885 -0.016964
-0.002790 -0.012924
-0.003479 -0.012283
-0.005147 -0.020191
-0.006585 -0.023145
-0.012001 -0.031419
-0.019033 -0.042763
-0.017629 -0.045347
-0.017493 -0.044192
-0.015231 -0.035624
-0.019287 -0.046875
-0.015506 -0.043289
-0.018291 -0.052546
-0.019728 -0.051737
-0.018884 -0.044996
-0.017134 -0.043129
-0.018334 -0.046510
-0.021608 -0.058940
-0.021416 -0.055541
-0.020011 -0.043295
-0.014839 -0.031297
-0.010890 -0.026073
-0.006888 -0.021732
-0.009092 -0.029940
-0.010472 -0.024010
-0.009746 -0.025630
-0.010649 -0.023000
-0.012840 -0.016241
-0.011676 -0.008962
-0.010012 -0.000402
-0.008076 0.008783
-0.006168 0.019069
-0.004072 0.021957
-0.006248 0.019995
-0.006572 0.034355
-0.002904 0.042742
-0.005674 0.049121
-0.003900 0.053228
-0.003504 0.059278
-0.003976 0.061470
-0.003799 0.065759
-0.004182 0.064846
-0.005935 0.059800
-0.006680 0.050152
-0.008500 0.051518
-0.009518 0.047728
-0.009920 0.056813
-0.009895 0.063992
-0.011229 0.062040
-0.008667 0.055541
-0.008550 0.050799
-0.008569 0.058236
-0.010287 0.059268
-0.010091 0.053101
-0.010143 0.045019
-0.011265 0.038185
-0.011355 0.033168
-0.010095 0.030491
-0.008487 0.028581
-0.006648 0.037748
-0.009768 0.031914
-0.013959 0.015779
-0.013037 0.015722
-0.016434 0.010165
-0.013432 0.018583
-0.018108 -0.001590
-0.012932 0.008735
-0.015667 -0.003298
-0.012324 0.009075
-0.010327 0.010083
-0.010649 0.009010
-0.009142 0.018492
-0.007477 0.024495
-0.002655 0.028030
-0.002768 0.035925
-0.003766 0.031910
-0.003942 0.028957
-0.004054 0.031917
-0.005584 0.025159
-0.001361 0.034670
-0.005591 0.035024
-0.010357 0.023506
-0.001564 0.036124
-0.000790 0.035015
-0.002901 0.026417
-0.002420 0.030858
-0.001960 0.036490
-0.010102 0.025850
-0.012777 0.021584
-0.024512 -0.014539
-0.008944 0.029979
-0.020290 -0.017644
-0.020954 -0.016414
-0.005567 0.021198
0.001466 0.029938
0.008106 0.032897
0.008048 0.029794
0.002961 0.024214
0.017412 -0.060874
0.008752 0.027345
0.011661 0.028443
0.015835 0.030108
0.018497 0.024941
0.014911 0.030367
0.017116 0.036774
0.024613 0.033322
0.028852 0.031614
0.038505 0.021876
0.039515 0.024570
0.041514 0.033490
0.045399 0.034918
0.045000 0.032629
0.050515 0.026528
0.048539 0.028893
0.049513 0.028179
0.049860 0.024032
0.054890 0.019309
0.057204 0.015091
0.060430 0.017025
0.060899 0.021301
0.060933 0.022165
0.060270 0.024143
0.062271 0.012263
0.062871 0.007418
0.066671 -0.004727
0.064684 0.012117
0.066719 0.019057
0.067253 0.023787
0.070446 0.025801
0.077428 0.035973
0.077401 0.045048
0.080862 0.042958
0.080154 0.040556
0.080884 0.035525
0.085587 0.034991
0.086767 0.043127
0.086876 0.054320
0.086360 0.055991
0.085322 0.049043
0.087107 0.048441
0.086467 0.049319
0.086229 0.053007
0.084695 0.057646
0.083020 0.059900
0.086981 0.063485
0.081277 0.059259
0.080674 0.059868
0.078509 0.042097
0.077537 0.036612
0.078466 0.039021
0.078416 0.040180
0.078195 0.037749
0.076474 0.025766
0.079621 0.032292
0.078986 0.037007
0.080590 0.046084
0.083742 0.055051
0.084775 0.054092
0.086081 0.054292
0.092788 0.064126
0.092420 0.058852
0.094235 0.059200
0.092190 0.057744
0.094430 0.056053
0.096095 0.058130
0.100170 0.066840
0.104291 0.067061
0.108534 0.075361
0.111812 0.079768
0.126047 0.087109
0.120523 0.078643
0.126801 0.078806
0.119833 0.075287
0.133014 0.079409
0.138937 0.085144
0.138578 0.080039
0.133893 0.074173
0.152514 0.082194
0.150030 0.078378
0.168608 0.086918
0.154308 0.083744
0.156439 0.086380
0.153042 0.087551
0.150687 0.083176
0.135626 0.070957
0.136951 0.064333
0.133491 0.062808
0.130901 0.064206
0.123672 0.056972
0.123396 0.058106
0.123388 0.053026
0.125696 0.059165
0.127483 0.061057
0.126612 0.061714
0.129458 0.055511
0.135131 0.058160
0.131729 0.056331
0.126434 0.057623
0.128569 0.066565
0.138466 0.073849
0.140161 0.077837
0.140332 0.075693
0.145275 0.079292
0.146115 0.081134
0.153402 0.084619
0.151514 0.085798
0.157261 0.091304
0.146992 0.087877
0.137406 0.079249
0.131806 0.075019
0.128148 0.073882
0.124028 0.075042
0.121691 0.074242
0.125558 0.077395
0.128583 0.079721
0.135529 0.084663
0.140410 0.090642
0.133677 0.087219
0.127673 0.083902
0.120045 0.076860
0.120851 0.077108
0.122033 0.075050
0.124769 0.076604
0.121335 0.075943
0.119407 0.069737
0.118782 0.070419
0.122148 0.070420
0.119672 0.070306
0.119440 0.070695
0.118904 0.068497
0.123407 0.066115
0.129658 0.063496
0.134005 0.061988
0.137909 0.065788
0.141699 0.063932
0.138068 0.061485
0.142301 0.062716
0.141596 0.066330
0.139327 0.062698
0.143012 0.061558
0.136105 0.058017
0.138254 0.067178
0.140078 0.071197
0.145722 0.077300
0.145103 0.076378
0.151431 0.077231
0.153358 0.070380
0.156303 0.068770
0.163577 0.071278
0.160398 0.070352
0.159734 0.076918
0.164858 0.076308
0.167456 0.080660
0.168433 0.082479
0.166656 0.085234
0.164596 0.087189
0.162976 0.086583
0.157934 0.083290
0.160030 0.078107
0.156776 0.075333
0.160579 0.073070
0.153912 0.074211
0.158187 0.072378
0.155841 0.074277
0.152092 0.071990
0.155622 0.074837
0.146191 0.066469
0.150897 0.069855
0.150696 0.066708
0.146060 0.068689
0.143314 0.069389
0.143577 0.065939
0.139609 0.065983
0.131047 0.060708
0.136212 0.055342
0.143902 0.064750
0.152168 0.067901
0.157790 0.066077
0.164997 0.068252
0.160232 0.061233
0.165069 0.064368
0.164423 0.064695
0.158289 0.061596
0.155112 0.056801
0.155984 0.060670
0.163094 0.059311
0.177363 0.057714
0.174589 0.057988
0.180745 0.061593
0.180037 0.061515
0.186796 0.060479
0.182884 0.065953
0.185372 0.066889
0.182212 0.061792
0.180270 0.065871
0.179996 0.061225
0.180113 0.065462
0.171176 0.066441
0.170452 0.067307
0.166120 0.065236
0.155149 0.070314
0.149581 0.069213
0.153848 0.070775
0.161074 0.072265
0.161997 0.067446
0.160215 0.062831
0.154537 0.064388
0.147084 0.061494
0.137336 0.055692
0.141372 0.055534
0.133633 0.051353
0.129875 0.049777
0.127656 0.047884
0.126560 0.047376
0.130386 0.044312
0.134362 0.048184
0.119346 0.043557
0.115874 0.045909
0.114420 0.049258
0.119380 0.057412
0.121105 0.056647
0.121479 0.055185
0.115410 0.060659
0.117054 0.056659
0.108898 0.060265
0.109909 0.051284
0.109426 0.053376
0.108931 0.051492
0.109635 0.055879
0.108446 0.058238
0.110404 0.055023
0.107623 0.057829
0.109435 0.052824
0.108072 0.050097
0.107094 0.058213
0.109835 0.054506
0.107789 0.051563
0.106188 0.050453
0.107036 0.053935
0.105586 0.060482
0.103801 0.059052
0.102405 0.049685
0.101784 0.039874
0.108735 0.039975
0.113730 0.045020
0.119499 0.042072
0.121719 0.039937
0.132728 0.048381
0.127366 0.045195
0.129242 0.040572
0.137435 0.040853
0.145217 0.043668
0.154615 0.048846
0.148045 0.045974
0.140963 0.039589
0.154984 0.046515
0.158588 0.044633
0.146783 0.042017
0.151006 0.044809
0.141688 0.040420
0.131250 0.035851
0.127962 0.038795
0.133527 0.033622
0.133342 0.032799
0.131230 0.028455
0.132761 0.018963
0.127537 0.020336
0.124928 0.019628
0.125691 0.021597
0.114978 0.013101
0.112237 0.010680
0.113474 0.010701
0.105859 0.010244
0.098667 -0.000019
0.093749 -0.008482
0.091057 -0.015279
0.089270 -0.018180
0.094419 -0.010931
0.097704 -0.001756
0.095717 -0.023022
0.094393 -0.031925
0.097880 -0.049476
0.093302 -0.050063
0.090488 -0.041422
0.087241 -0.039675
0.085768 -0.049649
0.084806 -0.041863
0.086792 -0.050578
0.090162 -0.050906
0.089426 -0.068594
0.085591 -0.075575
0.085614 -0.087614
0.086199 -0.070297
0.090101 -0.057999
0.090107 -0.046572
0.089760 -0.031687
0.089527 -0.030969
0.088124 -0.045314
0.088327 -0.058494
0.088026 -0.054453
0.090379 -0.061524
0.087939 -0.066096
0.089667 -0.065223
0.086180 -0.067939
0.081859 -0.084311
0.083764 -0.094039
0.084791 -0.083717
0.083140 -0.087305
0.089062 -0.071324
0.089924 -0.074945
0.092195 -0.062376
0.097243 -0.064324
0.094735 -0.046656
0.093592 -0.052954
0.095005 -0.068784
0.091697 -0.081328
0.090048 -0.096403
0.092555 -0.076380
0.094636 -0.077209
0.099087 -0.067900
0.101498 -0.066523
0.099593 -0.063513
0.098943 -0.056349
0.101538 -0.044057
0.102581 -0.039616
0.104434 -0.033767
0.106053 -0.022279
0.107178 -0.031344
0.111506 -0.052347
0.113860 -0.049418
0.112602 -0.050943
0.108722 -0.047126
0.106191 -0.030380
0.107719 -0.041645
0.103087 -0.029592
0.102622 -0.036610
0.106760 -0.032262
0.107894 -0.042912
0.108364 -0.052488
0.106301 -0.058863
0.108621 -0.045392
0.119570 -0.072321
0.120472 -0.076970
0.123749 -0.087896
0.129080 -0.101856
0.130486 -0.101314
0.125483 -0.088822
0.122326 -0.084076
0.122764 -0.088323
0.119935 -0.077029
0.127583 -0.091419
0.119642 -0.078360
0.122293 -0.081256
0.117125 -0.069811
0.107644 -0.064464
0.107349 -0.055058
0.104808 -0.053204
0.106045 -0.048755
0.104238 -0.041667
0.103454 -0.036560
0.101884 -0.023120
0.102390 -0.020784
0.102519 -0.022875
0.104075 -0.013378
0.102026 -0.020620
0.101159 -0.018685
0.105477 -0.017719
0.105325 -0.007798
0.107870 -0.011419
0.111314 -0.010766
0.109836 -0.009916
0.110162 -0.007267
0.113365 0.000553
0.120220 0.010956
0.126200 0.015888
0.130594 0.014181
0.140957 0.018878
0.146913 0.021353
0.158847 0.026730
0.155570 0.028137
0.156031 0.022390
0.163787 0.028767
0.161090 0.024923
0.167722 0.032009
0.167541 0.030783
0.165646 0.030604
0.166638 0.031117
0.154090 0.025480
0.140328 0.022467
0.154235 0.031254
0.165835 0.039005
0.159935 0.032584
0.161504 0.030669
0.153502 0.029205
0.157419 0.030169
0.152784 0.030749
0.153344 0.029859
0.153554 0.027020
0.161745 0.034591
0.150283 0.031521
0.156848 0.031054
0.154792 0.031069
0.147611 0.030622
0.137486 0.025091
0.125447 0.020694
0.119967 0.025361
0.121607 0.026856
0.119633 0.026373
0.117723 0.023383
0.112947 0.023006
0.111649 0.023281
0.112020 0.020696
0.110359 0.018137
0.110558 0.022699
0.109499 0.028686
0.104036 0.022389
0.108607 0.020184
0.103138 0.014827
0.100210 0.012271
0.102457 0.009026
0.100247 0.008573
0.098866 0.006942
0.096940 0.005748
0.096292 0.014491
0.094959 0.010393
0.094124 0.009747
0.092647 0.010355
0.091257 0.003454
0.090924 0.002058
0.089096 -0.005653
0.086689 -0.008863
0.084013 -0.009536
0.080621 -0.001600
0.083161 0.002500
0.084714 0.000974
0.082824 -0.003433
0.083342 -0.010714
0.084904 -0.014911
0.085510 -0.016027
0.085890 -0.013436
0.089666 -0.012285
0.089058 -0.017241
0.089833 -0.002878
0.089477 0.004302
0.087729 0.012845
0.084174 0.012008
0.081811 0.016879
0.079811 0.013443
0.082110 0.011032
0.077761 0.022331
0.076539 0.018689
0.076008 0.021637
0.074177 0.029236
0.071823 0.030997
0.071238 0.046230
0.069597 0.052737
0.067584 0.058812
0.068747 0.048713
0.066560 0.048059
0.065192 0.036377
0.062040 0.045035
0.060453 0.049557
0.058675 0.049473
0.059850 0.042196
0.060406 0.044994
0.060592 0.046823
0.059085 0.036982
0.062682 0.030622
0.059171 0.031172
0.060486 0.032408
0.057417 0.039485
0.055786 0.035350
0.057355 0.038738
0.056947 0.037228
0.058039 0.037118
0.056566 0.038164
0.054462 0.050771
0.051288 0.046968
0.050577 0.049586
0.050066 0.057017
0.047955 0.051990
0.043892 0.050828
0.045641 0.054479
0.047481 0.056243
0.049329 0.064366
0.045068 0.061425
0.043354 0.058681
0.043924 0.060979
0.042283 0.057245
0.042399 0.054725
0.042375 0.053020
0.040595 0.051595
0.042425 0.052938
0.039897 0.051305
0.041414 0.046909
0.042683 0.045256
0.042364 0.049470
0.041591 0.054497
0.041261 0.058871
0.040470 0.056127
0.039007 0.056926
0.039150 0.062335
0.038024 0.064959
0.040467 0.071819
0.040280 0.076079
0.038929 0.077679
0.039499 0.074780
0.040222 0.079664
0.039128 0.079321
0.039182 0.083080
0.036142 0.073699
0.036908 0.067352
0.036236 0.063067
0.035074 0.061197
0.033343 0.064063
0.035268 0.065946
0.036939 0.072121
0.038874 0.074369
0.039522 0.077117
0.038423 0.077887
0.035988 0.069126
0.035937 0.068951
0.036725 0.065840
0.037260 0.064903
0.035612 0.069099
0.035012 0.068328
0.032988 0.064049
0.031928 0.060778
0.031366 0.064914
0.030652 0.066965
0.030778 0.073510
0.032774 0.077930
0.032666 0.081266
0.032263 0.086570
0.034506 0.088069
0.037480 0.092619
0.034604 0.093901
0.033876 0.095079
0.035352 0.095888
0.035297 0.092196
0.036362 0.095766
0.040873 0.110566
0.040091 0.106979
0.038995 0.111330
0.037177 0.110272
0.036776 0.120486
0.035772 0.116916
0.036596 0.121206
0.036381 0.124398
0.032919 0.126284
0.034604 0.132289
0.035022 0.134050
0.032352 0.138110
0.031823 0.137199
0.036207 0.143437
0.036515 0.139607
0.037945 0.150958
0.038319 0.155294
0.039182 0.162740
0.040036 0.159255
0.039789 0.157405
0.042748 0.160114
0.040713 0.162862
0.039337 0.159875
0.039118 0.155965
0.038239 0.160265
0.039943 0.168563
0.041266 0.170583
0.041825 0.176921
0.037473 0.172618
0.040408 0.169764
0.041327 0.175991
0.042823 0.174797
0.040831 0.173173
0.041505 0.179241
0.039307 0.184033
0.037268 0.188440
0.038728 0.197913
0.036715 0.192479
0.036596 0.192074
0.037287 0.199565
0.038795 0.199433
0.045231 0.204836
0.040233 0.196865
0.038679 0.193963
0.036717 0.194650
0.036944 0.196235
0.039451 0.199222
0.040990 0.194728
0.037101 0.197089
0.036055 0.192461
0.037172 0.194953
0.036206 0.196548
0.041217 0.207248
0.038929 0.207979
0.041421 0.211849
0.041959 0.210178
0.044096 0.208336
0.041887 0.206161
0.043644 0.207395
0.044543 0.211947
0.040998 0.202804
0.040091 0.196088
0.042223 0.192049
0.046314 0.189965
0.046521 0.187725
0.048964 0.190452
0.047674 0.188276
0.046016 0.187248
0.048388 0.185907
0.047003 0.183268
0.048036 0.178786
0.049022 0.186569
0.049963 0.185613
0.050820 0.188530
0.052807 0.188193
0.053387 0.191551
0.054324 0.191051
0.056232 0.191109
0.057283 0.192856
0.059944 0.193859
0.060879 0.190005
0.064868 0.192753
0.061717 0.184211
0.065361 0.184837
0.065120 0.184002
0.065207 0.182425
0.069937 0.185670
0.071475 0.187801
0.074084 0.192182
0.077943 0.193136
0.078899 0.191025
0.079231 0.187421
0.076531 0.186548
0.076200 0.188234
0.074458 0.188591
0.076892 0.191297
0.079342 0.193035
0.081622 0.190479
0.080146 0.182709
0.081909 0.185806
0.085912 0.190209
0.086823 0.191091
0.084665 0.187721
0.086538 0.188894
0.092225 0.191668
0.088534 0.185058
0.088969 0.189243
0.085878 0.187880
0.088837 0.186908
0.085631 0.185826
0.085846 0.186533
0.089229 0.189094
0.089028 0.186314
0.086994 0.185899
0.087169 0.183173
0.085602 0.181245
0.085389 0.175720
0.083482 0.172135
0.088994 0.175993
0.089130 0.172528
0.091153 0.173620
0.090703 0.174756
0.091833 0.175684
0.089411 0.175092
0.083315 0.168313
0.084495 0.167360
0.080022 0.161681
0.080732 0.159531
0.083402 0.162312
0.082874 0.164009
0.087706 0.167443
0.087369 0.164184
0.086602 0.163033
0.088030 0.163159
0.086754 0.158176
0.088779 0.157103
0.090560 0.155233
0.091659 0.153218
0.096080 0.154065
0.093590 0.150541
0.097212 0.151183
0.099477 0.152728
0.097297 0.153459
0.098937 0.152575
0.103325 0.153958
0.106564 0.159281
0.101089 0.156382
0.100104 0.156499
0.099351 0.160631
0.104422 0.163370
0.102100 0.158173
0.095870 0.155427
0.101066 0.158902
0.100796 0.161109
0.099760 0.160708
0.098587 0.158249
0.098731 0.155153
0.097327 0.149618
0.095095 0.150221
0.097088 0.152875
0.094795 0.146559
0.095930 0.144661
0.099815 0.144737
0.098451 0.143578
0.099693 0.142016
0.099865 0.143333
0.097761 0.145201
0.104041 0.148458
0.105514 0.145263
0.104066 0.146381
0.099428 0.148530
0.101911 0.146539
0.098034 0.143448
0.096718 0.142149
0.098791 0.144462
0.100815 0.149799
0.097931 0.147047
0.094655 0.143963
0.092886 0.143436
0.093605 0.141949
0.094996 0.144901
0.091393 0.140349
0.093677 0.142652
0.093934 0.144904
0.097994 0.144881
0.103058 0.149028
0.103651 0.149550
0.105977 0.146779
0.110417 0.148756
0.112516 0.148057
0.113708 0.146722
0.114216 0.144812
0.111457 0.138912
0.117497 0.142693
0.115280 0.140574
0.117109 0.140338
0.107024 0.133728
0.105255 0.134353
0.106572 0.135878
0.108626 0.135569
0.107745 0.132000
0.111123 0.132948
0.118919 0.135021
0.119226 0.138960
0.126976 0.137994
0.120014 0.133944
0.121366 0.134703
0.128078 0.137248
0.135292 0.136071
0.105021 -0.149476
0.100649 -0.152185
0.098685 -0.148126
0.098677 -0.147156
0.130304 0.130052
0.123965 0.127388
0.119674 0.125375
0.091091 -0.145245
0.085514 -0.147795
0.088393 -0.153292
0.093771 -0.152301
0.088915 -0.150909
0.092618 -0.154909
0.091021 -0.153746
0.087202 -0.151619
0.084213 -0.148592
0.084834 -0.151319
0.085913 -0.162480
0.084463 -0.165179
0.090957 -0.163724
0.087502 -0.161002
0.086624 -0.162877
0.083083 -0.152298
0.083337 -0.148195
0.080738 -0.148993
0.083382 -0.154123
0.084284 -0.153543
0.085632 -0.157480
0.093429 -0.163245
0.088408 -0.155998
0.093835 -0.157407
0.090156 -0.150762
0.085414 -0.150374
0.083787 -0.139211
0.091238 -0.148154
0.089605 -0.146490
0.088704 -0.147556
0.087078 -0.146013
0.080007 -0.135403
0.077905 -0.127984
0.087610 0.110902
0.081574 0.107257
0.074704 -0.119527
0.076647 -0.129465
0.083754 0.111768
0.087124 0.113940
0.083487 0.111626
0.082478 0.110300
0.080180 0.108566
0.081050 0.109318
0.079042 0.107106
0.083310 0.106304
0.083355 0.102472
0.080737 0.101685
0.078583 0.099459
0.080846 0.102483
0.081798 0.103407
0.077823 0.096062
0.078893 0.093851
0.077378 0.095349
0.077317 0.091841
0.074948 0.090969
0.075191 0.086122
0.076780 0.084095
0.074776 0.080795
0.078092 -0.077918
0.078806 -0.081840
0.078112 -0.082294
0.076396 -0.077287
0.076863 -0.092790
0.078596 -0.104270
0.078416 -0.103673
0.081124 -0.114659
0.079805 -0.102205
0.077812 -0.109242
0.080974 -0.110375
0.078266 -0.107761
0.075077 -0.109248
0.076694 -0.117412
0.079105 -0.121105
0.079654 -0.126710
0.081557 -0.135025
0.085610 -0.131723
0.085736 -0.135377
0.086188 -0.132515
0.091131 -0.135794
0.085975 -0.124834
0.084816 -0.121391
0.083244 -0.122564
0.086326 -0.125371
0.090356 -0.135884
0.089295 -0.135293
0.088261 -0.130211
0.084801 -0.126296
0.083682 -0.114865
0.081979 -0.114788
0.084860 -0.118975
0.085811 -0.119012
0.085689 -0.106572
0.082688 -0.103212
0.086559 -0.096261
0.086998 -0.097609
0.089218 -0.107621
0.096046 -0.109097
0.101891 -0.114309
0.093153 -0.104574
0.095263 -0.111520
0.096224 -0.110832
0.100867 -0.115644
0.095533 -0.108438
0.094956 -0.097424
0.094206 -0.098049
0.095618 -0.097352
0.096522 -0.090917
0.100211 -0.102534
0.099445 -0.091388
0.100763 -0.095035
0.102521 -0.090143
0.104288 -0.090403
0.110513 -0.093303
0.118978 -0.104214
0.115355 -0.107197
0.111393 -0.103861
0.113352 -0.096234
0.113805 -0.095450
0.112192 -0.091741
0.108881 -0.091017
0.106959 -0.096213
0.100892 -0.092982
0.104218 -0.097218
0.101957 -0.089646
0.105595 -0.093753
0.106486 -0.092038
0.108075 -0.102079
0.115116 -0.111001
0.109898 -0.104237
0.114288 -0.106491
0.114648 -0.111431
0.112544 -0.110146
0.112910 -0.110169
0.110691 -0.110842
0.107827 -0.102204
0.110257 -0.100346
0.106990 -0.095302
0.111173 -0.098477
0.111600 -0.095171
0.109185 -0.093475
0.110729 -0.096533
0.110504 -0.095628
0.118656 -0.108529
0.116167 -0.108201
0.113955 -0.107918
0.111120 -0.115790
0.109177 -0.116230
0.112171 -0.112181
0.112100 -0.108944
0.114486 -0.112950
0.118359 -0.118087
0.120629 -0.116827
0.117127 -0.114468
0.119672 -0.121845
0.120274 -0.117877
0.120785 -0.116310
0.127361 -0.113504
0.123307 -0.112021
0.125491 -0.122939
0.130429 -0.128498
0.131171 -0.118372
0.135461 -0.115586
0.134059 -0.111616
0.134963 -0.105927
0.136598 -0.108178
0.134299 -0.100607
0.140342 -0.096594
0.140614 -0.097453
0.135661 -0.084863
0.142418 -0.095455
0.139933 -0.089572
0.134628 -0.086429
0.133558 -0.086421
0.128587 -0.086076
0.120066 -0.085331
0.120081 -0.081041
0.121845 -0.072309
0.116258 -0.069690
0.114910 -0.056417
0.121809 -0.063139
0.130133 -0.071308
0.130894 -0.067879
0.127510 -0.059450
0.123697 -0.054380
0.123817 -0.052030
0.120574 -0.054786
0.123602 -0.049791
0.127643 -0.058326
0.124684 -0.049945
0.123693 -0.044068
0.118216 -0.037962
0.115990 -0.026310
0.117617 -0.025191
0.117677 -0.029462
0.118354 -0.026825
0.120770 -0.035907
0.122534 -0.035320
0.125885 -0.044725
0.132683 -0.049263
0.139263 -0.059722
0.138202 -0.060037
0.142898 -0.059008
0.140644 -0.054134
0.143249 -0.061516
0.140857 -0.053705
0.140381 -0.048162
0.146132 -0.053607
0.148074 -0.050866
0.153788 -0.057327
0.153974 -0.053823
0.159623 -0.052467
0.157682 -0.053684
0.152513 -0.059784
0.155965 -0.055609
0.162312 -0.060460
0.161538 -0.063235
0.163781 -0.066792
0.159401 -0.059773
0.161983 -0.057296
0.163512 -0.064612
0.168431 -0.069242
0.161230 -0.073053
0.162831 -0.075012
0.169279 -0.086865
0.167677 -0.082785
0.168397 -0.081752
0.171950 -0.082440
0.165142 -0.077157
0.161957 -0.069832
0.161502 -0.070347
0.165851 -0.071274
0.173392 -0.066268
0.173939 -0.065859
0.177427 -0.071049
0.179241 -0.069102
0.184695 -0.072065
0.181797 -0.064027
0.184577 -0.066621
0.183407 -0.067553
0.183668 -0.066536
0.184289 -0.075190
0.185624 -0.083231
0.182393 -0.084750
0.181300 -0.081355
0.184535 -0.086348
0.185162 -0.085948
0.181357 -0.084433
0.180382 -0.087697
0.179480 -0.085305
0.179121 -0.083514
0.177564 -0.077420
0.175924 -0.080039
0.179215 -0.078919
0.179573 -0.086943
0.180454 -0.079980
0.178706 -0.074719
0.179227 -0.074715
0.173083 -0.069590
0.176271 -0.068683
0.178763 -0.075397
0.175260 -0.071598
0.176901 -0.079198
0.179302 -0.078186
0.173049 -0.075387
0.168472 -0.073670
0.169015 -0.075515
0.166328 -0.076622
0.166304 -0.070290
0.159849 -0.064450
0.161343 -0.061529
0.162632 -0.055175
0.155091 -0.052085
0.156804 -0.051521
0.153025 -0.044840
0.149561 -0.039025
0.148475 -0.039035
0.155629 -0.041974
0.158091 -0.044280
0.160189 -0.046137
0.152984 -0.045802
0.155797 -0.045820
0.157279 -0.040987
0.156792 -0.041649
0.148717 -0.041403
0.150608 -0.047511
0.151182 -0.053391
0.151207 -0.055779
0.153728 -0.059801
0.155440 -0.060085
0.149241 -0.056457
0.151407 -0.054932
0.153228 -0.060794
0.156765 -0.060419
0.150397 -0.059764
0.148551 -0.059694
0.143982 -0.050006
0.146598 -0.058872
0.148457 -0.067957
0.152620 -0.077796
0.153710 -0.074942
0.149416 -0.070598
0.147430 -0.068808
0.148844 -0.068784
0.152701 -0.072760
0.158488 -0.078516
0.168556 -0.092436
0.169117 -0.091691
0.161855 -0.078264
0.167315 -0.090293
0.166157 -0.085027
0.164748 -0.083160
0.163331 -0.083574
0.162103 -0.083165
0.158701 -0.078713
0.154090 -0.071298
0.158955 -0.080925
0.160821 -0.087198
0.161841 -0.082792
0.168824 -0.089109
0.161516 -0.080356
0.163668 -0.072507
0.167796 -0.061488
0.166139 -0.055999
0.166630 -0.055652
0.155114 -0.050784
0.163642 -0.058804
0.158909 -0.048997
0.158672 -0.046853
0.161880 -0.055023
0.155746 -0.047988
0.157920 -0.039173
0.149504 -0.032427
0.146588 -0.026404
0.146950 -0.023229
0.138881 -0.023855
0.138440 -0.024785
0.145946 -0.034295
0.147948 -0.031612
0.157946 -0.030452
0.161888 -0.026953
0.158354 -0.025926
0.165103 -0.027081
0.160271 -0.021958
0.163534 -0.017852
0.160449 -0.017449
0.161069 -0.010844
0.156308 -0.012291
0.158791 -0.021307
0.154417 -0.024307
0.152212 -0.021184
0.153913 -0.017244
0.151969 -0.014452
0.156440 -0.020231
0.163569 -0.018775
0.168770 -0.023235
0.164360 -0.021423
0.157068 -0.025125
0.154320 -0.024893
0.157770 -0.018160
0.157775 -0.014889
0.159967 -0.022374
0.156626 -0.022517
0.154107 -0.022381
0.143630 -0.029808
0.141991 -0.030022
0.143104 -0.033766
0.137921 -0.034608
0.137905 -0.033832
0.139611 -0.038505
0.138532 -0.030874
0.144277 -0.034964
0.146773 -0.031899
0.140339 -0.027965
0.145539 -0.021024
0.149266 -0.017945
0.152586 -0.013449
0.140597 -0.014677
0.144129 -0.014581
0.140630 -0.017709
0.137674 -0.014384
0.131101 -0.014223
0.130768 -0.016884
0.139623 -0.018558
0.144515 -0.022341
0.144075 -0.022145
0.144679 -0.015923
0.145975 -0.021940
0.143270 -0.021552
0.140533 -0.022661
0.145930 -0.024690
0.156090 -0.029317
0.154776 -0.033602
0.154456 -0.031459
0.151476 -0.027515
0.145596 -0.028131
0.144171 -0.028027
0.144314 -0.027866
0.150743 -0.025722
0.151414 -0.025207
0.153027 -0.017449
0.152428 -0.010257
0.153036 -0.012977
0.152373 -0.017619
0.151723 -0.016063
0.141608 -0.021705
0.135027 -0.019480
0.138890 -0.015035
0.135133 -0.018046
0.139940 -0.017800
0.148625 -0.023526
0.152580 -0.017774
0.159824 -0.014251
0.151182 -0.012041
0.156669 -0.007193
0.149037 -0.008983
0.143692 -0.009075
0.147570 -0.004029
0.142723 -0.009315
0.149690 -0.010120
0.152026 -0.003026
0.160323 0.002517
0.165441 0.002095
0.167071 0.006114
0.170574 0.011954
0.168938 0.010094
0.169711 0.011917
0.159584 0.010465
0.158019 0.007419
0.155184 0.004809
0.148699 0.003214
0.151513 0.002321
0.150592 0.001907
0.150229 -0.000828
0.145658 -0.004227
0.138347 -0.006485
0.134821 -0.009473
0.137625 -0.010948
0.135299 -0.015503
0.135896 -0.019034
0.129653 -0.018966
0.133718 -0.014509
0.131544 -0.008372
0.141671 -0.002760
0.144354 -0.001750
0.138724 -0.001192
0.141389 -0.003280
0.136702 -0.005097
0.151145 -0.003113
0.140619 -0.002908
0.144773 -0.002661
0.145001 -0.004787
0.150894 -0.002073
0.149061 -0.005222
0.146549 -0.006650
0.140581 -0.007185
0.141489 -0.012358
0.146806 -0.011791
0.151682 -0.011519
0.150459 -0.011017
0.147639 -0.006389
0.152793 -0.008169
0.154783 -0.010047
0.157742 -0.007327
0.163719 -0.007141
0.169246 -0.004131
0.172456 -0.004569
0.177398 -0.003127
0.172593 -0.005532
0.172653 -0.008046
0.173445 -0.012547
0.172793 -0.018146
0.176012 -0.020874
0.179922 -0.021704
0.178046 -0.024817
0.178805 -0.025632
0.179624 -0.033273
0.178441 -0.029958
0.176747 -0.022886
0.174406 -0.020391
0.177508 -0.020538
0.178105 -0.024469
0.173083 -0.025359
0.177542 -0.017017
0.187302 -0.014141
0.187207 -0.006884
0.190535 -0.002955
0.189347 0.000810
0.192627 0.004174
0.196377 0.003679
0.197699 0.006764
0.199078 0.004382
0.200286 0.000347
0.199794 0.000978
0.199767 -0.002448
0.200869 -0.002009
0.198890 -0.002058
0.202890 0.002715
0.204718 0.008213
0.206868 0.014154
0.208809 0.015018
0.208019 0.016539
0.210033 0.018428
0.210827 0.020953
0.208815 0.020300
0.208842 0.023249
0.208707 0.026771
0.209028 0.025006
0.207926 0.023881
0.209851 0.026352
0.209168 0.028797
0.205819 0.019953
0.207516 0.020118
0.208550 0.016344
0.210410 0.019694
0.215361 0.021835
0.216600 0.021982
0.220276 0.023282
0.221035 0.019399
0.220856 0.026165
0.219931 0.021791
0.220437 0.022013
0.224521 0.019489
0.227867 0.015915
0.230101 0.016674
0.230954 0.016020
0.230467 0.015377
0.232898 0.014675
0.232959 0.013973
0.232962 0.016149
0.230158 0.010133
0.234198 0.004541
0.236813 -0.000825
0.234809 -0.007684
0.238439 -0.004487
0.240910 -0.001190
0.243499 -0.003516
