-0.168787 -0.178949
-0.190655 -0.250556
-0.373926 -0.103915
-0.209083 -0.239660
-0.221582 -0.258800
-0.350695 -0.120978
-0.065437 -0.323648
-0.075785 -0.343377
-0.051501 -0.412423
-0.051482 -0.324947
-0.354314 -0.106137
-0.364402 -0.120770
-0.373241 -0.129757
-0.021749 -0.396447
-0.353933 -0.112672
-0.351806 -0.118567
-0.357699 -0.087857
-0.387319 -0.123245
-0.389256 -0.083229
-0.211846 -0.233422
-0.345877 -0.122259
-0.182006 -0.227889
-0.170957 -0.272908
-0.073095 -0.311545
-0.370005 -0.111635
-0.236463 -0.254406
-0.082996 -0.299886
-0.047243 -0.341097
-0.320994 -0.104031
-0.377455 -0.125946
-0.040954 -0.364063
-0.348530 -0.127424
-0.206540 -0.283114
-0.041698 -0.340881
-0.358714 -0.132674
-0.193022 -0.237611
-0.197612 -0.272619
-0.222622 -0.238777
-0.199626 -0.251954
-0.067663 -0.312356
-0.073600 -0.317482
-0.038606 -0.353706
-0.173980 -0.217510
-0.082977 -0.285917
-0.181716 -0.202946
-0.057623 -0.313556
-0.163009 -0.210567
-0.341438 -0.108132
-0.364278 -0.098863
-0.374126 -0.092591
-0.195641 -0.213628
-0.408420 -0.113691
-0.173920 -0.196999
-0.195242 -0.262655
-0.230350 -0.244053
-0.335577 -0.114579
-0.336419 -0.102346
-0.305449 -0.096891
-0.396773 -0.136534
-0.366795 -0.092730
-0.196595 -0.197314
-0.042713 -0.343576
-0.412318 -0.068849
-0.407618 -0.093449
-0.170116 -0.231970
-0.071960 -0.334766
-0.083243 -0.295373
-0.085988 -0.321908
-0.070468 -0.318656
-0.314723 -0.101697
-0.316921 -0.096938
-0.190885 -0.282196
-0.332830 -0.095068
-0.054041 -0.298703
-0.190376 -0.209017
-0.201834 -0.242037
-0.330247 -0.086914
-0.327210 -0.100798
-0.020252 -0.370165
-0.174454 -0.232356
-0.164110 -0.256741
-0.047634 -0.331428
-0.310730 -0.085202
-0.021711 -0.348361
-0.062647 -0.328757
-0.170197 -0.208581
-0.043644 -0.304144
-0.191353 -0.208704
-0.024557 -0.335569
-0.318064 -0.106702
-0.065667 -0.305248
-0.064803 -0.300190
-0.212251 -0.242098
-0.329509 -0.081227
-0.377407 -0.058916
-0.177416 -0.232408
-0.336330 -0.081450
-0.390220 -0.067380
-0.355069 -0.072243
-0.038959 -0.320528
-0.203450 -0.195165
-0.031286 -0.297844
-0.298097 -0.080962
-0.175547 -0.210382
-0.046639 -0.285840
-0.351487 -0.045768
-0.171358 -0.234184
-0.014267 -0.352785
-0.288358 -0.084031
-0.168625 -0.198828
-0.035216 -0.314383
-0.355871 -0.056178
-0.339275 -0.074874
-0.355554 -0.043921
-0.349882 -0.030590
-0.055655 -0.297867
-0.006925 -0.345083
-0.174927 -0.248991
-0.310412 -0.072033
-0.364344 -0.046271
-0.146588 -0.192763
-0.342417 -0.055403
-0.413782 -0.027881
-0.355451 -0.032784
-0.220243 -0.223537
-0.374382 -0.009510
-0.053607 -0.254163
0.007787 -0.343782
-0.152981 -0.164511
-0.323177 -0.037455
0.002685 -0.353278
-0.171116 -0.192622
-0.371004 -0.015633
-0.189129 -0.219530
-0.049893 -0.250853
-0.316150 -0.048861
-0.278747 -0.062838
-0.320374 -0.050159
-0.018159 -0.278105
-0.050564 -0.295898
-0.019959 -0.281062
0.040012 -0.331113
-0.174901 -0.177713
0.010213 -0.288502
-0.019091 -0.309140
-0.161824 -0.203800
-0.330109 -0.010144
-0.277602 -0.066492
-0.295489 -0.065251
-0.021167 -0.271683
0.053520 -0.349382
-0.333596 -0.018390
-0.029823 -0.299194
-0.346391 0.028775
-0.194883 -0.193844
-0.292041 -0.042156
-0.026191 -0.295328
-0.285491 -0.034308
-0.161401 -0.182488
-0.155896 -0.260407
-0.141775 -0.142427
0.007782 -0.317996
-0.168933 -0.158087
-0.119812 -0.139111
-0.244334 -0.050668
-0.319260 0.007930
-0.296453 -0.008639
-0.240330 -0.042158
-0.058333 -0.238887
-0.035175 -0.263163
0.035141 -0.267418
-0.243656 -0.038254
-0.045708 -0.250920
-0.300828 -0.012167
-0.173470 -0.169625
-0.147171 -0.163143
0.036015 -0.322387
-0.117613 -0.186070
-0.016902 -0.297131
0.039870 -0.290290
-0.150495 -0.190181
-0.258638 -0.033286
-0.027664 -0.225443
-0.130584 -0.144311
-0.245218 -0.033819
-0.028600 -0.210690
-0.119851 -0.161062
-0.232138 -0.036903
-0.128330 -0.153420
-0.154254 -0.148993
0.018824 -0.277765
-0.254714 -0.023868
-0.138564 -0.135434
0.021623 -0.261560
-0.012667 -0.273187
-0.226693 -0.032884
-0.263766 0.005926
-0.276978 0.024955
-0.118175 -0.119779
-0.113563 -0.117405
0.005860 -0.271422
0.064675 -0.285928
0.032159 -0.278212
-0.145785 -0.123480
-0.248751 -0.013759
0.016798 -0.275317
-0.123572 -0.117745
-0.236418 -0.023380
-0.023325 -0.222457
-0.262352 -0.000799
-0.007542 -0.253542
-0.114278 -0.126460
-0.151604 -0.182637
-0.200215 -0.013426
-0.095861 -0.134857
-0.026499 -0.191715
-0.260283 0.035910
-0.218067 -0.005298
-0.111875 -0.114738
-0.109979 -0.121727
-0.180536 -0.003132
-0.217999 -0.007912
-0.245730 -0.018041
-0.153886 -0.141107
-0.002490 -0.198890
-0.233606 -0.010986
0.037416 -0.230889
0.010691 -0.224239
0.006850 -0.216487
0.043223 -0.236485
-0.082952 -0.104561
-0.247545 0.024756
-0.107697 -0.120045
-0.137132 -0.112616
-0.211976 -0.012680
-0.253676 0.095735
0.057165 -0.246118
0.011725 -0.219860
-0.196599 0.052845
-0.083356 -0.124016
0.005448 -0.192563
-0.095180 -0.155539
-0.091967 -0.102920
-0.209845 -0.019769
-0.071270 -0.098702
-0.090982 -0.113145
0.079994 -0.244467
-0.096858 -0.129959
-0.089770 -0.095838
-0.223436 0.025300
0.020454 -0.191925
-0.194685 0.006977
-0.240693 0.056512
-0.042559 -0.101468
-0.055504 -0.113652
0.016667 -0.205712
0.103144 -0.217515
-0.097553 -0.076692
-0.188482 0.002643
-0.243458 0.073453
-0.207257 0.025632
0.031233 -0.211293
0.024549 -0.198888
0.005779 -0.210135
-0.204646 0.053210
-0.204308 -0.007072
-0.077577 -0.111544
-0.073458 -0.079015
-0.210993 0.006191
-0.175144 0.045190
-0.197876 0.070058
-0.214272 0.054689
-0.098349 -0.099359
-0.212580 0.037902
-0.165666 0.013669
-0.237044 0.150689
-0.205787 0.017234
-0.163388 0.022498
0.066599 -0.227745
-0.073144 -0.072617
-0.068993 -0.127122
-0.127049 -0.127518
-0.179007 0.027001
-0.088621 -0.105709
0.016754 -0.158814
-0.167773 0.043647
-0.177009 0.038561
0.032316 -0.164371
-0.076854 -0.098048
-0.155690 0.028997
0.003883 -0.158831
-0.080322 -0.056590
-0.150496 0.036571
0.012332 -0.179196
-0.191337 0.096579
-0.070129 -0.083951
-0.117234 -0.087055
-0.048794 -0.081980
-0.062164 -0.074873
0.090913 -0.203510
-0.136568 -0.190259
-0.295146 -0.051804
-0.293328 -0.068434
0.018757 -0.288622
-0.060638 -0.262813
0.005412 -0.292976
0.003298 -0.302369
-0.032386 -0.231765
-0.296688 -0.030112
-0.142188 -0.214640
-0.260930 -0.040644
-0.277194 -0.063374
-0.254723 -0.052281
-0.001743 -0.323384
-0.000580 -0.291650
-0.329666 0.003566
-0.261498 -0.057237
-0.284803 -0.046385
-0.137648 -0.188749
-0.316620 -0.015422
-0.287317 -0.039406
-0.138671 -0.139492
-0.133221 -0.169747
-0.016448 -0.273871
0.056271 -0.313917
0.023278 -0.313550
-0.022948 -0.258216
-0.115596 -0.146320
-0.171987 -0.165923
-0.224961 -0.028594
-0.160070 -0.194380
-0.274748 -0.053447
-0.125104 -0.157925
-0.118985 -0.171860
-0.266470 -0.026971
-0.298690 0.020290
-0.296667 0.028389
-0.239529 -0.038547
-0.283015 0.002536
-0.029086 -0.232500
-0.013681 -0.237459
-0.134952 -0.119137
-0.122745 -0.161516
-0.141484 -0.168629
-0.136685 -0.138079
-0.127069 -0.114227
-0.008097 -0.269512
-0.289957 -0.025182
-0.017819 -0.230152
-0.281929 0.005819
-0.297335 0.007229
-0.131975 -0.197642
-0.122138 -0.172715
-0.122360 -0.138404
-0.033915 -0.205577
-0.036336 -0.257399
-0.032746 -0.228730
-0.265893 0.014486
-0.252434 -0.038170
-0.008996 -0.277137
-0.256791 -0.037067
-0.092882 -0.167189
-0.035596 -0.216098
-0.252251 -0.009883
-0.013880 -0.248948
-0.144872 -0.137071
-0.049804 -0.221133
0.045909 -0.246802
-0.238590 -0.019260
0.033868 -0.224514
-0.242026 -0.003803
0.032375 -0.250292
-0.258278 -0.010572
-0.259397 -0.021249
-0.083936 -0.146810
0.000655 -0.240875
-0.162313 -0.163985
-0.092345 -0.137038
-0.193884 -0.007501
-0.307258 0.073266
-0.113444 -0.185302
-0.223379 -0.017295
-0.015719 -0.217949
-0.248881 0.008476
-0.130705 -0.176372
0.109312 -0.267866
-0.216934 -0.030930
0.021334 -0.236487
0.014622 -0.206566
-0.208563 -0.010616
-0.213466 0.008773
-0.222736 0.000482
-0.118444 -0.155654
-0.273452 0.099839
-0.016465 -0.243502
0.039700 -0.218602
-0.014253 -0.183001
-0.232900 0.010340
-0.111908 -0.110629
-0.090734 -0.087913
-0.275746 0.080038
0.019218 -0.207332
-0.090640 -0.149016
-0.259605 0.066423
-0.007242 -0.188290
0.093194 -0.267417
-0.004676 -0.187491
-0.004973 -0.226029
0.056121 -0.252208
-0.017279 -0.224024
-0.107174 -0.114836
0.064249 -0.227419
-0.043878 -0.095572
0.003309 -0.221218
-0.000439 -0.224646
0.021485 -0.204544
-0.088571 -0.132367
-0.080044 -0.102263
-0.247001 0.099494
-0.195249 0.003261
-0.135925 -0.117203
-0.009093 -0.179525
-0.102495 -0.127477
-0.143777 -0.129119
-0.099954 -0.119432
-0.237686 0.045040
-0.194104 -0.004033
-0.207880 0.037807
0.006768 -0.188364
-0.109231 -0.142355
-0.120338 -0.080265
-0.099922 -0.139643
-0.182885 0.015281
0.004530 -0.201315
0.059856 -0.243338
-0.247484 0.052381
-0.088365 -0.078985
-0.080425 -0.094952
0.010592 -0.163468
-0.073650 -0.128644
0.061673 -0.229558
0.022117 -0.172897
-0.206252 0.049289
-0.160883 0.019741
0.090523 -0.207876
-0.196421 0.037526
-0.218298 0.124725
-0.047630 -0.099681
0.000983 -0.164999
-0.108930 -0.079734
-0.071164 -0.081615
-0.168594 0.030406
-0.053929 -0.076474
0.030586 -0.203274
-0.214938 0.063759
-0.094860 -0.125285
-0.134993 -0.096437
-0.050633 -0.096642
-0.070507 -0.099927
-0.196650 0.056400
0.042056 -0.172205
-0.202183 0.063279
-0.079801 -0.090444
-0.105991 -0.154317
0.014303 -0.150150
0.035966 -0.162118
-0.077760 -0.077143
0.041707 -0.173852
-0.058475 -0.082656
-0.161272 0.032353
-0.175689 0.049330
-0.202104 0.084198
0.086562 -0.177014
0.049116 -0.196487
0.062790 -0.200279
-0.186735 0.141650
0.073928 -0.196382
-0.153549 0.036773
-0.144105 0.034680
-0.189297 0.078051
-0.204455 0.090347
-0.077285 -0.069009
-0.202482 0.151418
-0.101633 -0.077394
-0.057630 -0.053068
-0.063965 -0.063989
0.053919 -0.169492
-0.077386 -0.053326
-0.141488 0.074023
-0.049448 -0.073441
0.061087 -0.167512
-0.116070 0.059533
-0.045743 -0.070331
-0.179345 0.131687
-0.037100 -0.113029
-0.133786 0.063526
0.044569 -0.180763
-0.024755 -0.071842
-0.049666 -0.071466
-0.111474 0.052190
0.039010 -0.159357
0.012584 -0.143338
0.096839 -0.177172
-0.032375 -0.079393
-0.081876 -0.049091
0.050232 -0.168585
-0.036740 -0.051011
-0.151536 0.045370
-0.041038 -0.066128
-0.111210 0.112862
-0.106050 0.057331
-0.049131 -0.027433
-0.136855 0.060300
-0.007879 -0.051289
-0.178721 0.107364
-0.169022 0.107253
-0.068714 -0.043357
-0.135448 0.092598
0.030089 -0.125503
-0.100360 -0.067097
-0.021924 -0.045727
-0.132982 0.132810
0.052343 -0.133517
-0.142893 0.098835
0.139961 -0.164697
-0.062429 -0.027215
0.112699 -0.148205
-0.049172 -0.042046
0.002377 -0.039941
-0.064922 -0.035342
-0.038223 -0.119898
0.083232 -0.145184
-0.150693 0.154888
-0.130680 0.077855
-0.049538 -0.053371
-0.026556 -0.040494
-0.114040 0.075076
-0.023832 -0.043488
-0.116812 0.077444
-0.123177 0.096465
-0.135147 0.183155
-0.155896 0.132395
-0.113902 0.091219
0.147705 -0.161697
-0.136546 0.076516
-0.154024 0.145468
-0.128122 0.082685
-0.081948 0.134302
0.014262 -0.032693
-0.025685 -0.022132
0.131386 -0.140434
0.002536 -0.053114
-0.112501 0.137160
0.068774 -0.111589
-0.120059 0.104823
-0.157899 0.151584
0.071091 -0.122839
-0.065460 -0.025400
-0.030337 -0.031540
0.027474 -0.034728
0.100978 -0.156675
-0.004851 -0.024760
-0.013235 -0.019600
0.090872 -0.121133
0.034108 -0.020131
-0.067744 0.083137
-0.077295 0.106533
-0.109594 0.142225
0.120944 -0.141749
0.002165 -0.012299
-0.063341 0.076257
-0.095179 0.081995
-0.106707 0.086530
-0.080545 0.100848
0.072953 -0.107089
-0.076784 0.114939
-0.069627 0.091465
-0.065139 0.086586
0.034122 0.011724
0.021284 -0.009465
-0.104747 0.123563
0.078077 -0.125587
0.069175 -0.090273
0.044223 -0.095069
0.011802 -0.018452
0.034274 -0.099773
-0.092894 0.143154
0.048809 -0.007035
0.111900 -0.110596
0.020011 -0.005101
0.007519 -0.017568
-0.025617 0.008344
0.011832 -0.006353
-0.071303 0.102412
0.056951 -0.109707
0.137978 -0.119723
0.017408 -0.009783
0.020912 0.003478
0.107583 -0.102784
-0.020188 0.005341
-0.015337 -0.215029
-0.275871 0.039693
-0.244033 -0.013948
-0.276986 -0.011341
0.018961 -0.230784
-0.021515 -0.228419
-0.128782 -0.121436
-0.283779 0.042794
-0.262869 0.013193
-0.105119 -0.132097
-0.242860 -0.007982
-0.138572 -0.130649
-0.211961 -0.016496
-0.271090 0.056178
-0.033770 -0.185965
-0.083753 -0.134273
-0.085147 -0.114410
0.009999 -0.238274
-0.085706 -0.116408
-0.111224 -0.141387
-0.231842 0.006799
-0.132138 -0.092753
-0.242940 0.036765
-0.111017 -0.162379
-0.250861 0.028365
-0.188176 -0.007026
-0.081840 -0.117292
-0.205505 0.008006
0.049457 -0.222112
-0.230511 0.025768
-0.187752 0.006502
0.025851 -0.249353
-0.090565 -0.156039
-0.231969 0.020401
-0.097683 -0.146899
-0.199314 -0.000578
-0.197902 0.026415
-0.243269 0.002736
0.053499 -0.245199
0.013232 -0.208811
0.036008 -0.212959
-0.226173 0.002108
-0.216409 0.027680
0.030571 -0.228971
-0.227189 0.045122
0.010365 -0.193859
0.030451 -0.223141
0.049441 -0.251376
-0.076041 -0.113481
-0.086041 -0.080942
0.008956 -0.178874
-0.011576 -0.170927
-0.093424 -0.097305
0.020889 -0.229466
-0.101124 -0.105912
-0.094249 -0.082757
-0.211744 0.002352
-0.048182 -0.092359
0.001054 -0.195963
-0.186916 0.000236
-0.032852 -0.171947
-0.246016 0.106570
-0.011833 -0.187784
-0.186209 0.014800
-0.225016 0.088536
0.092837 -0.223714
-0.006086 -0.194066
-0.253559 0.106235
0.019617 -0.169350
-0.167620 0.019312
0.024514 -0.205813
-0.170155 0.016839
0.059179 -0.191770
-0.116898 -0.097994
-0.174656 0.036130
0.015329 -0.189315
-0.226333 0.083187
-0.099046 -0.078932
-0.201088 0.021002
-0.108326 -0.086111
-0.182209 0.031588
-0.048694 -0.080315
0.128861 -0.224964
-0.098173 -0.074489
-0.058365 -0.061509
-0.033578 -0.073623
-0.064571 -0.051870
-0.217980 0.097572
-0.054616 -0.083972
0.003718 -0.186797
0.073687 -0.179319
0.014279 -0.159048
-0.184849 0.073080
-0.212326 0.117304
-0.088367 -0.062363
-0.062919 -0.054719
0.023945 -0.157200
0.075731 -0.206909
0.069630 -0.191691
-0.142491 0.033003
-0.162553 0.055773
-0.147535 0.026273
-0.182389 0.056876
-0.185481 0.068146
-0.064470 -0.126547
-0.069085 -0.104818
0.068188 -0.174986
0.006473 -0.140978
0.037487 -0.169250
0.044395 -0.157534
-0.074859 -0.044284
-0.080332 -0.082378
-0.137613 0.030078
0.073624 -0.166718
-0.033306 -0.061356
-0.184471 0.185185
-0.160687 0.026428
0.029099 -0.156627
0.034871 -0.148895
-0.170424 0.139141
-0.185056 0.137714
-0.009043 -0.049250
0.109254 -0.176931
-0.193689 0.089859
0.026320 -0.128803
-0.088334 -0.064641
0.077457 -0.166918
0.023714 -0.142374
0.038731 -0.169712
-0.096394 0.066519
-0.154735 0.062325
-0.160954 0.077364
-0.120975 0.079105
-0.199246 0.168469
-0.071922 -0.053813
-0.131237 0.050722
0.059623 -0.148882
-0.050436 -0.037992
0.071102 -0.164539
-0.000877 -0.051146
-0.136396 0.124420
0.079999 -0.165652
0.011606 -0.125802
-0.016251 -0.035004
-0.013853 -0.043759
-0.145910 0.106739
-0.033953 -0.054576
-0.061338 -0.115345
0.091015 -0.166075
0.062372 -0.133604
0.043477 -0.110217
-0.164759 0.115177
-0.156640 0.172176
-0.010035 -0.073723
-0.017069 -0.033249
-0.059355 -0.045989
-0.121643 0.051040
-0.085594 0.081192
0.044768 -0.109754
0.068953 -0.121051
-0.110019 0.058303
0.135620 -0.148987
-0.140479 0.085423
0.036387 -0.116003
0.053990 -0.124249
-0.016254 -0.023569
-0.018347 -0.026912
-0.019044 -0.025660
-0.117695 0.086328
-0.141986 0.178294
0.115327 -0.151358
-0.015224 -0.054932
-0.040565 -0.015958
-0.131521 0.118405
0.091681 -0.131965
0.059601 -0.103965
-0.051638 -0.027515
-0.001473 -0.014568
0.056371 -0.119200
0.003629 -0.048811
-0.000621 -0.022604
0.143038 -0.183075
0.105507 -0.142237
0.105353 -0.156591
-0.112764 0.071319
0.009968 -0.013169
0.115060 -0.128308
0.078691 -0.108170
0.120338 -0.116119
0.035843 -0.093714
-0.135630 0.097978
-0.107797 0.196434
0.151276 -0.132771
0.125990 -0.123428
0.007153 -0.049858
-0.036812 -0.009329
-0.095167 0.199720
0.032077 -0.007226
-0.100522 0.124420
-0.067387 0.162863
0.064004 -0.094663
-0.082718 0.120729
0.000862 0.000403
-0.102388 0.141665
0.112905 -0.120998
-0.079417 0.096811
-0.098466 0.097133
0.042685 -0.098371
-0.065998 0.097697
-0.026037 -0.003531
-0.056382 0.151013
-0.076227 0.084078
-0.006170 0.009137
-0.064326 0.097390
-0.099293 0.149297
0.020919 -0.003903
-0.048139 0.113671
-0.088292 0.098852
0.092241 -0.098342
0.006212 0.004470
-0.020773 -0.009525
0.162823 -0.126251
0.046291 -0.074937
-0.109723 0.172346
-0.002012 0.000598
0.071076 -0.095606
-0.046735 0.205705
-0.076497 0.135055
-0.034712 0.006531
0.052105 0.016667
-0.072985 0.134307
-0.069481 0.169981
0.057250 0.010260
-0.030016 0.021686
0.058153 -0.080084
0.151353 -0.088584
0.081320 -0.083338
0.070193 0.009996
0.001722 0.005133
-0.003669 0.026963
-0.065843 0.001982
0.124280 -0.106842
0.066662 0.021812
-0.046431 0.105151
0.114405 -0.101010
-0.035854 0.139959
0.090370 -0.084451
-0.066798 0.159447
0.014641 0.013927
0.198387 -0.101870
-0.060997 0.213936
-0.045361 0.146987
0.009762 0.028952
-0.080032 0.159773
0.023880 0.017260
-0.037424 0.180236
0.089657 -0.071757
0.096753 -0.069330
0.147647 -0.095833
-0.072417 0.121361
0.091274 -0.076802
0.007095 0.026517
0.100654 -0.065224
-0.045758 0.125465
-0.043943 0.195313
0.018168 0.021087
0.139086 -0.076662
-0.027126 0.134846
-0.052227 0.126307
-0.000625 0.197973
0.156040 -0.075009
0.067035 -0.057534
0.134634 -0.073188
0.154719 0.075510
-0.025891 0.199760
-0.018067 0.232512
-0.031755 0.140806
0.042744 0.022504
-0.061417 0.185392
0.025554 0.027937
-0.021356 0.171207
0.012804 0.045243
-0.008744 0.142995
0.092121 -0.063302
0.093406 0.039499
0.050330 0.037146
0.140255 -0.079165
0.010907 0.028615
-0.000703 0.031900
0.141557 -0.066140
0.063224 -0.049823
0.145026 -0.066358
0.087891 -0.065568
0.118188 -0.071766
0.024871 0.033644
0.043301 0.029009
0.093872 -0.044712
0.117067 -0.050468
-0.009839 0.149657
0.034952 0.038791
-0.212707 0.014424
-0.085569 -0.102905
-0.092541 -0.126919
0.005700 -0.169324
-0.242697 0.052225
-0.105278 -0.086076
-0.044168 -0.086398
-0.007275 -0.134034
0.030735 -0.200799
-0.198897 0.013821
0.073417 -0.220525
-0.120710 -0.109432
-0.100247 -0.095295
-0.162179 0.008962
-0.067647 -0.100511
-0.000079 -0.203594
0.080803 -0.209447
-0.214922 0.046748
-0.094517 -0.079904
-0.108410 -0.100266
-0.072017 -0.074497
0.020590 -0.182940
-0.214108 0.061460
0.001604 -0.150189
-0.159769 0.035370
-0.209422 0.074406
-0.169346 0.021558
0.029838 -0.183066
-0.166680 0.018162
-0.122886 -0.097256
-0.210121 0.077038
-0.236088 0.129100
-0.187469 0.071070
0.012959 -0.186227
-0.175198 0.042624
-0.029624 -0.066859
-0.190390 0.080967
-0.173624 0.012071
0.055668 -0.199945
-0.001003 -0.152300
0.086327 -0.212996
-0.188919 0.095980
-0.162799 0.044012
-0.207574 0.086041
0.108182 -0.213232
0.045434 -0.183257
0.021617 -0.162132
-0.197026 0.113050
0.022449 -0.144031
-0.144870 0.041356
-0.055464 -0.106059
0.004523 -0.151906
0.135530 -0.201618
0.029370 -0.174811
0.028783 -0.175964
0.015669 -0.148429
-0.069355 -0.065783
-0.038743 -0.085657
0.077606 -0.160831
0.068396 -0.169964
-0.102738 -0.072311
-0.136777 0.029347
-0.184101 0.040067
0.017506 -0.179728
-0.036601 -0.124856
-0.160046 0.044771
0.040949 -0.184902
-0.185099 0.080242
-0.165476 0.099588
0.062636 -0.161311
0.105283 -0.204213
-0.064353 -0.059527
-0.140785 0.065810
-0.159765 0.066291
0.054250 -0.166087
-0.041205 -0.083125
-0.042719 -0.041685
-0.023695 -0.060088
-0.036551 -0.079264
0.017760 -0.125129
-0.166494 0.071618
-0.014469 -0.074442
0.152525 -0.176029
0.115397 -0.196068
-0.021701 -0.043891
-0.170240 0.111547
-0.127656 0.047130
0.076777 -0.146980
-0.160734 0.139089
-0.137594 0.051039
-0.094629 0.079310
-0.096744 0.050435
0.064999 -0.142605
-0.072324 -0.036582
-0.036981 -0.077596
0.115199 -0.174440
-0.138470 0.141156
-0.010964 -0.051670
-0.110598 0.083896
0.052696 -0.153179
0.098537 -0.159683
0.097577 -0.168468
0.025511 -0.132642
-0.008841 -0.032825
-0.076876 -0.045574
-0.020383 -0.063205
-0.060100 -0.033633
-0.047484 -0.036059
0.095144 -0.163358
0.075468 -0.145666
-0.021671 -0.031312
-0.038202 -0.044419
0.040228 -0.107449
-0.019410 -0.033687
0.071101 -0.128603
-0.119521 0.129836
0.124664 -0.158513
-0.135604 0.082905
0.119409 -0.147739
0.048879 -0.121327
-0.043579 -0.018438
-0.048911 -0.021570
0.106203 -0.175987
-0.013006 -0.030331
-0.135848 0.068078
-0.064917 0.079768
-0.087700 0.130092
0.035417 -0.112835
-0.103620 0.132459
-0.092245 0.090047
-0.139116 0.111466
-0.011741 -0.013512
0.117573 -0.127496
0.029992 -0.096376
0.104877 -0.124290
-0.059403 0.109555
-0.063819 0.124758
0.116283 -0.142901
-0.118038 0.177095
0.002723 -0.017132
0.136711 -0.134209
-0.093897 0.107683
-0.011766 -0.011111
0.012012 -0.024337
0.068244 -0.105279
-0.096267 0.095404
0.137795 -0.148062
0.094538 -0.122523
0.076808 -0.131575
-0.007355 -0.005843
0.100638 -0.114030
-0.034101 -0.017239
0.135810 -0.131283
-0.116874 0.173633
0.081713 -0.092608
-0.067704 0.123968
-0.051834 -0.009498
0.075673 -0.104727
-0.064773 0.142625
0.151670 -0.122238
-0.095663 0.155772
0.050729 -0.086673
0.081194 -0.085022
-0.100911 0.121725
0.073186 -0.093909
0.007566 0.002282
-0.041998 0.102458
0.043376 -0.010216
0.032222 -0.000996
0.142597 -0.113471
-0.050476 0.154104
0.034391 -0.011091
-0.078524 0.188320
-0.018496 -0.002941
0.051189 -0.088468
0.007610 -0.008855
0.095887 -0.085636
0.015329 0.008807
0.017572 0.006606
0.016892 0.016097
0.022656 0.009544
-0.030532 0.005659
0.037254 0.012306
0.149191 -0.091384
0.090205 -0.086420
-0.054065 0.098093
0.044301 -0.003129
0.047568 0.010629
-0.109479 0.149556
0.075209 0.017351
0.152793 -0.084404
0.055229 -0.064848
0.090062 0.032117
-0.062496 0.150091
-0.057371 0.200428
0.110781 -0.076121
0.036186 0.023829
-0.053085 0.120961
0.083322 0.025774
-0.052419 0.176911
0.125511 -0.093471
-0.029530 0.157352
0.126484 -0.078089
0.034076 0.017507
-0.062843 0.209013
0.010796 0.018465
-0.039143 0.150761
0.090355 -0.060441
-0.061545 0.103869
-0.056705 0.091575
0.052356 0.024488
0.138810 -0.085138
-0.008127 0.023879
0.050098 0.025180
0.084786 0.031061
-0.054762 0.148788
0.010201 0.049468
0.069866 -0.071148
-0.027618 0.190105
0.020833 0.021170
0.032564 0.063415
0.014939 0.032789
-0.034755 0.151301
0.048830 0.041147
-0.031263 0.189460
0.023350 0.031245
0.071866 0.028496
0.106447 -0.059234
-0.045137 0.139937
0.043660 0.037823
0.001732 0.221190
0.098593 -0.055461
0.104678 -0.055653
0.070589 0.044182
-0.026387 0.131232
-0.035523 0.113692
-0.012529 0.184127
-0.049502 0.211692
-0.042015 0.119289
0.020658 0.031668
0.076000 -0.068893
0.028263 0.040757
-0.037708 0.144123
-0.028412 0.111262
0.092243 0.042349
0.048631 0.031025
0.042604 0.028553
-0.042272 0.131050
0.105847 -0.050346
0.002194 0.195884
0.100900 -0.046553
0.138447 -0.052748
0.170211 -0.059854
0.084282 -0.039007
0.033959 0.033371
0.202467 -0.054091
0.042227 0.041400
0.035771 0.055926
0.096258 -0.036667
0.076915 -0.050516
-0.004844 0.132297
0.121995 -0.045322
-0.012657 0.113564
0.146142 -0.040349
0.077714 0.048200
0.130666 -0.047450
0.008765 0.220336
0.006087 0.140739
0.008367 0.153432
0.027674 0.215470
0.156618 -0.031677
0.081824 -0.036116
0.001374 0.185131
0.141530 -0.044094
0.206457 -0.053921
0.144111 -0.038972
0.002278 0.206774
0.010616 0.200302
0.077028 -0.040815
0.172967 -0.047770
0.159528 0.092095
0.081184 0.059107
0.047393 0.066656
0.031213 0.043120
0.001930 0.134225
0.167297 -0.040722
0.060006 0.068284
0.020004 0.197946
0.034081 0.202183
-0.005454 0.160221
0.109486 0.064540
0.182651 -0.018285
0.096493 0.074440
0.068363 0.054251
0.016122 0.150118
0.159245 -0.031620
-0.000873 0.194228
-0.004749 0.133988
0.058947 0.219865
0.026097 0.155338
-0.098701 -0.067048
-0.080080 -0.131075
0.016801 -0.152002
-0.196405 0.025022
0.022878 -0.179529
-0.189905 0.014633
-0.018561 -0.177311
-0.200758 0.114503
-0.075798 -0.076616
-0.064079 -0.082095
-0.154332 0.031741
0.007490 -0.182315
-0.187736 0.060828
-0.158431 0.024190
0.054339 -0.151626
-0.059603 -0.058321
0.018686 -0.165663
-0.066926 -0.085698
-0.151453 0.024750
-0.057919 -0.078754
-0.003972 -0.174871
0.066990 -0.205352
0.080920 -0.180838
-0.190432 0.131087
-0.061313 -0.096011
-0.201333 0.104547
0.062075 -0.207474
-0.169962 0.053676
-0.097746 -0.059560
-0.143919 0.038249
-0.104116 -0.055223
0.092035 -0.182101
-0.037264 -0.046740
-0.157210 0.048932
-0.141208 0.049646
0.073828 -0.173287
0.083171 -0.173709
-0.111700 -0.081137
0.037791 -0.144644
0.107169 -0.197304
-0.156930 0.090975
-0.013185 -0.068458
-0.067042 -0.044243
-0.186927 0.100108
0.027155 -0.136778
0.130525 -0.201111
-0.131552 0.051399
-0.044386 -0.135950
-0.070692 -0.041592
-0.188193 0.161730
-0.186235 0.123155
-0.144253 0.054268
-0.133846 0.110742
-0.038974 -0.029919
-0.105681 0.065098
0.003404 -0.136622
-0.037220 -0.038404
0.047955 -0.156326
0.063933 -0.149340
-0.103357 0.055763
0.038260 -0.105854
-0.058234 -0.035831
-0.127247 0.074377
-0.153724 0.095604
-0.142234 0.088710
-0.027592 -0.054634
0.056708 -0.124771
-0.053854 -0.037643
0.033505 -0.120933
-0.129701 0.097804
-0.146028 0.144113
-0.089063 0.117891
0.028804 -0.148717
0.056466 -0.121799
0.121465 -0.185389
0.115438 -0.139125
-0.040745 -0.019518
0.116984 -0.125197
-0.062931 -0.020447
-0.141547 0.105439
-0.125082 0.137232
0.152044 -0.162334
-0.007469 -0.042751
-0.082244 -0.034875
0.057768 -0.134945
-0.058910 -0.067842
-0.108925 0.165395
-0.111212 0.124713
-0.044439 -0.025426
0.033728 -0.112331
0.108323 -0.143374
-0.132235 0.084249
0.062815 -0.123211
0.088229 -0.151548
-0.004541 -0.019656
-0.015506 -0.025316
0.035942 -0.105460
-0.025321 -0.035699
-0.074157 -0.025297
0.073318 -0.094867
-0.138545 0.117774
-0.107731 0.069715
-0.108313 0.218805
-0.112192 0.183443
-0.004395 -0.009170
-0.089520 0.115935
0.147637 -0.131396
-0.079802 0.152160
-0.063664 -0.013515
-0.125960 0.144349
-0.010148 -0.000392
0.014494 -0.014710
0.115114 -0.119763
0.123285 -0.140121
-0.112416 0.117532
-0.115793 0.190344
-0.085703 0.160895
-0.015953 -0.002446
0.074290 -0.099225
-0.066988 -0.013985
-0.047925 -0.003335
-0.084016 0.096988
0.127061 0.037499
-0.117367 0.160609
-0.105236 0.116369
-0.059722 0.090181
-0.091828 0.149096
0.059016 -0.091903
0.073036 -0.086858
0.105954 -0.089958
0.025138 -0.008076
0.097928 -0.113948
0.097174 -0.105854
0.029081 -0.003676
-0.064739 0.153683
-0.062487 0.137898
0.151781 -0.117174
0.000520 0.003253
-0.068142 0.129534
0.130566 -0.104762
-0.002963 -0.001890
0.051511 0.003604
0.019616 0.010351
0.017212 0.000306
0.169129 -0.105026
-0.011397 0.006923
0.059022 -0.080190
0.117724 -0.074955
0.171695 -0.117596
-0.062434 0.133616
-0.064413 0.134485
0.152497 0.061637
0.013876 0.020049
-0.082212 0.109674
0.018381 0.008259
0.102867 -0.080345
-0.085397 0.181604
-0.000069 0.013405
-0.059658 0.172897
-0.002823 0.018895
0.106372 -0.078677
-0.066344 0.200332
-0.053089 0.150680
0.048748 0.016124
-0.061852 0.120145
0.025068 0.023877
0.000015 0.042267
0.023626 0.055430
0.055254 0.018449
-0.070603 0.133873
0.018419 0.029383
0.141303 -0.070212
-0.051278 0.021459
0.168479 -0.089821
0.071613 0.026364
0.118926 -0.070617
-0.037273 0.122161
-0.030537 0.145122
0.136549 -0.085670
0.134391 -0.074683
-0.039032 0.132537
0.004586 0.040579
-0.026652 0.206857
0.061403 0.023031
-0.012022 0.026502
0.200867 -0.076777
0.078338 -0.062917
-0.033327 0.173203
0.090393 0.036317
0.005208 0.023466
-0.045992 0.110573
0.083393 -0.053649
0.117588 -0.057474
-0.015413 0.120062
-0.002278 0.147262
0.042308 0.024227
0.060417 0.034717
-0.031333 0.195620
-0.058986 0.139833
0.020948 0.029095
0.035686 0.036831
0.098082 -0.043080
0.088666 0.057822
0.188570 -0.060915
0.104240 -0.041361
0.151529 -0.066633
0.100428 -0.061531
0.151170 -0.080613
-0.001133 0.037141
0.053445 0.079252
0.130989 -0.049853
0.146376 -0.045890
0.092893 -0.041548
0.157079 -0.048299
0.044169 0.039486
0.176936 -0.052594
-0.003767 0.154803
0.098992 -0.050851
-0.015825 0.144498
0.119948 -0.048849
0.028509 0.040226
0.090625 0.058589
-0.003778 0.139649
0.075519 0.052083
0.156902 -0.047062
-0.025645 0.127828
0.015323 0.231094
0.024912 0.161013
0.036193 0.043709
-0.020016 0.187411
0.137205 -0.043656
0.039471 0.184878
0.103202 -0.044419
-0.003502 0.142431
0.010392 0.204368
-0.001844 0.126696
0.032550 0.175091
-0.003307 0.136991
0.009093 0.167095
0.103827 0.074275
0.147083 -0.032083
0.012808 0.192693
-0.018112 0.169035
-0.020207 0.158166
0.051279 0.068639
0.029755 0.049023
0.188618 -0.030231
0.026565 0.181649
0.022350 0.169549
0.084046 0.052983
0.146050 -0.031147
0.170266 -0.031555
0.049902 0.072219
-0.000718 0.159239
0.069023 0.078678
0.192960 -0.024922
0.063755 0.053590
0.039166 0.045917
0.013665 0.170327
0.050340 0.221670
0.114424 -0.019001
0.098098 -0.026815
0.090766 -0.026137
0.053022 0.050813
0.130978 -0.014564
0.108792 -0.026145
0.032630 0.172654
0.116003 -0.026864
0.152579 -0.020614
0.129552 -0.028537
0.056437 0.062802
0.107188 0.082860
0.144953 -0.012959
0.120539 0.081594
0.134086 0.083534
0.137092 0.089908
0.045755 0.182233
0.045868 0.169201
0.043852 0.192878
0.027070 0.172832
0.006956 0.135016
0.034023 0.213313
0.075993 0.093485
0.163287 -0.003354
0.101460 -0.017278
0.126755 -0.011853
0.012832 0.145710
0.130229 0.087219
0.116491 -0.010004
0.020989 0.189512
0.154300 -0.006468
0.126961 -0.004054
0.152490 0.101645
0.084445 0.079238
0.144188 -0.006698
0.052984 0.072447
0.086829 0.086256
0.049012 0.212896
0.156113 -0.006025
0.148294 0.004324
-0.177435 0.050223
-0.162023 0.025445
-0.165211 0.058674
0.108029 -0.192371
0.055922 -0.189082
-0.070442 -0.108974
-0.132373 0.046143
-0.174530 0.055636
-0.139064 0.035227
-0.091908 -0.070535
-0.162813 0.091028
-0.054022 -0.051102
0.020835 -0.164989
-0.169998 0.151357
0.011408 -0.173698
-0.154784 0.063694
-0.155433 0.035306
-0.043510 -0.037616
0.095102 -0.172826
-0.067695 -0.037981
-0.134084 0.090392
-0.046396 -0.049335
0.072103 -0.161812
0.025527 -0.144834
-0.094857 -0.065437
-0.054104 -0.046030
-0.148020 0.075017
0.111895 -0.158970
-0.123454 0.058784
0.020069 -0.134047
-0.030862 -0.048175
0.012616 -0.154784
-0.108088 0.077473
-0.155136 0.071183
-0.075791 -0.046934
-0.159357 0.074264
-0.145469 0.045703
-0.046179 -0.055545
0.045304 -0.124819
-0.075014 -0.035024
0.128277 -0.183820
-0.072997 -0.064947
-0.048881 -0.046757
-0.086193 0.069779
0.067016 -0.161545
0.029642 -0.136526
-0.115009 0.060974
0.097228 -0.125445
-0.062151 -0.029725
-0.023964 -0.038804
-0.034307 -0.039783
-0.138985 0.145722
0.068689 -0.148744
-0.011399 -0.030997
0.080019 -0.129011
0.108373 -0.146715
-0.160134 0.104741
0.098704 -0.157218
-0.002631 -0.063114
0.045187 -0.164824
-0.125681 0.126757
-0.032481 -0.031230
-0.127445 0.095184
-0.038312 -0.035239
-0.005380 -0.014706
-0.003988 -0.032258
-0.102737 0.073564
-0.027895 -0.023106
-0.109091 0.091307
0.125298 -0.135912
0.065634 -0.140668
0.038281 -0.134220
0.018750 -0.019109
-0.053720 -0.013196
-0.102890 0.074616
-0.128451 0.166693
-0.135239 0.128322
0.055714 -0.094985
0.031901 -0.114854
-0.070446 0.087983
0.064362 -0.110308
-0.108195 0.109288
0.047066 -0.096442
-0.008410 -0.014582
-0.119702 0.081221
-0.035547 -0.011219
-0.097916 0.065059
0.129215 -0.126730
-0.060131 0.097601
-0.115202 0.168428
0.153575 -0.139331
0.130862 -0.132236
0.068351 -0.097527
-0.119778 0.166921
-0.093512 0.227500
0.084040 -0.137848
0.080277 -0.088078
0.098324 -0.097813
0.014034 -0.004459
-0.090714 0.166287
-0.083008 0.159452
0.047861 -0.073732
-0.103580 0.103546
0.122568 -0.096545
0.193078 -0.121775
-0.074602 0.123369
-0.063363 0.101310
-0.082336 0.105456
0.071896 -0.091059
-0.033979 -0.006619
-0.068257 0.086551
-0.019433 0.008157
-0.072144 0.085501
-0.090047 0.101351
0.151681 0.056486
0.162641 -0.114799
0.194991 -0.124572
-0.067969 0.182248
0.030893 0.004424
-0.040121 0.118641
0.002727 0.001168
0.098950 -0.078984
0.026922 0.005513
-0.051506 0.093630
0.065640 0.017010
0.009538 0.006496
0.130190 -0.089085
0.073931 -0.075464
0.114113 -0.091705
0.045004 0.014274
-0.045139 0.115115
0.115685 -0.082030
0.036490 0.008429
0.030092 0.009796
0.008987 0.014997
0.076089 -0.065118
0.086486 -0.091851
0.095300 -0.079008
0.101046 -0.093838
0.087023 -0.074450
0.098911 -0.081866
0.086993 -0.079795
0.118193 -0.086047
0.012074 0.016690
0.078782 0.029711
0.171621 -0.092590
0.086935 -0.059953
0.083782 0.039060
-0.076876 0.192834
-0.000517 0.022038
-0.037856 0.101464
0.198036 -0.069089
-0.043800 0.119450
0.133542 -0.088143
0.088517 -0.064405
0.122078 -0.086527
-0.011260 0.117780
-0.031549 0.133545
0.077409 0.033581
-0.016436 0.203886
-0.034604 0.165094
-0.051800 0.234653
-0.032297 0.186767
-0.009481 0.124409
0.139337 0.064439
0.071015 -0.060405
0.072170 0.033833
0.011221 0.023809
-0.023218 0.130170
0.098974 -0.059681
-0.019132 0.229981
0.145420 -0.060997
-0.011424 0.216657
0.129025 -0.068586
-0.011811 0.145777
0.162873 -0.047796
-0.032706 0.150132
0.032118 0.197385
0.076573 -0.044594
0.063834 0.040306
-0.011617 0.192387
0.116484 -0.057625
-0.010700 0.113663
0.064198 0.047059
0.136429 -0.051949
0.017911 0.046080
0.111185 0.058018
0.026664 0.060006
0.005789 0.130976
0.104946 -0.027099
0.125359 0.063906
-0.017056 0.179714
0.122807 -0.048040
0.130298 -0.045375
-0.040390 0.159710
-0.028271 0.183134
0.004653 0.163090
0.188292 -0.045660
0.005086 0.137414
0.104628 -0.030595
0.058446 0.057499
0.076421 0.052489
0.034850 0.040946
0.034860 0.044417
0.167001 0.093078
0.024564 0.212554
0.164325 -0.037848
0.029250 0.184368
0.006731 0.137779
0.018690 0.155274
0.084122 -0.035182
0.185331 -0.037222
0.082552 0.053336
0.009189 0.225960
0.011714 0.172229
0.059402 0.046552
0.175639 -0.035013
0.043773 0.051954
0.126622 -0.028651
0.080853 0.054057
0.035327 0.169495
0.112908 0.068977
0.090584 0.067086
0.131512 0.082391
0.027712 0.209723
0.189211 -0.033251
0.092894 -0.031734
0.163641 -0.024717
0.009089 0.044424
0.016826 0.148383
0.019461 0.180493
0.058245 0.258872
0.145735 -0.022430
0.062470 0.079428
0.112109 -0.022063
0.053947 0.201645
0.053657 0.066203
0.111210 -0.025327
0.158045 0.087027
0.057807 0.066121
0.069476 0.065326
0.125620 0.074187
0.127165 -0.019260
0.123765 -0.019843
0.124389 -0.015834
0.079939 0.092078
0.003153 0.145503
0.129658 -0.012134
0.121080 -0.012178
0.131655 -0.005032
0.054680 0.074776
0.040883 0.174447
0.106410 -0.011136
0.077675 0.070095
0.059487 0.251426
0.083027 0.088883
0.068262 0.077765
0.139983 -0.015110
0.064259 0.176722
0.016731 0.161632
0.126731 0.087861
0.168545 -0.017885
0.171083 -0.011680
0.188593 -0.010671
0.188711 -0.002216
0.088160 0.079577
0.136376 0.099451
0.126291 0.099321
0.032137 0.162525
0.124796 -0.001384
0.202140 -0.003219
0.160300 0.001925
0.135170 0.001115
0.055019 0.175600
0.114452 0.080029
0.091023 0.083493
0.096118 0.084856
0.094397 0.243362
0.164887 0.003961
0.062241 0.085154
0.211830 0.011460
0.114052 0.090508
0.133157 0.092347
0.054737 0.171593
0.133871 0.089867
0.054615 0.187765
0.197943 0.004372
0.165972 0.012489
0.153270 0.111514
0.111505 0.095687
0.100161 0.227642
0.025581 0.146387
0.136099 0.108124
0.063602 0.193598
0.116762 0.109916
0.058431 0.087250
0.140250 0.004788
0.107412 0.253030
0.192938 0.014427
0.096137 0.218831
-0.191712 0.132819
-0.144118 0.063243
-0.081288 -0.062738
0.036218 -0.152500
0.034960 -0.133086
0.048957 -0.139240
-0.146245 0.079375
-0.064092 -0.044589
-0.031781 -0.060394
-0.027798 -0.065767
-0.059657 -0.076443
0.100759 -0.189611
-0.099717 -0.051176
0.020250 -0.137423
-0.073903 -0.123886
-0.102732 0.059272
-0.046072 -0.030919
-0.175022 0.098754
0.017577 -0.112765
-0.128187 0.070955
0.073274 -0.154688
0.047681 -0.103190
0.100556 -0.170562
0.072915 -0.157560
-0.122794 0.051984
-0.147073 0.126213
-0.127075 0.049010
0.049973 -0.154069
-0.004122 -0.044606
-0.019097 -0.079418
-0.168887 0.092194
-0.101728 0.101002
-0.081684 -0.038582
-0.011642 -0.054776
0.033147 -0.127103
0.022805 -0.118507
-0.026388 -0.032797
-0.129551 0.157873
-0.089435 0.095052
-0.153778 0.157885
0.082654 -0.140718
-0.000275 -0.043248
0.007794 -0.026256
-0.047671 -0.022489
0.082527 -0.127882
-0.012975 -0.028150
0.007192 -0.033671
-0.103545 0.068146
0.030034 -0.112897
0.059921 -0.095991
0.176651 -0.139691
0.098657 -0.133033
-0.135887 0.212832
-0.086807 0.084440
-0.127025 0.100776
0.066478 -0.103384
-0.108054 0.142898
0.099533 -0.128138
-0.102006 0.132452
0.125399 -0.137810
-0.046069 -0.018735
0.080089 -0.112096
0.004825 -0.021852
-0.110848 0.203051
-0.124448 0.091024
-0.074010 0.220752
0.006848 -0.025961
-0.082103 0.085944
-0.049701 -0.003644
-0.039026 -0.004858
-0.121072 0.191409
0.076836 -0.110751
0.008034 -0.007128
-0.123881 0.111940
-0.097295 0.113733
-0.024076 0.000011
-0.006316 -0.006801
0.021331 -0.010438
-0.093641 0.090992
-0.088004 0.182590
-0.067471 0.101814
-0.083195 0.185744
0.119546 -0.105455
0.015474 -0.002336
-0.072879 0.119727
-0.098855 0.129093
-0.057223 0.210639
0.154497 -0.107137
-0.093445 0.077980
-0.036325 0.003036
-0.094520 0.163232
0.055956 0.000922
0.016144 -0.011358
-0.058489 0.119637
0.041988 -0.002341
0.044425 0.006531
-0.060958 0.112617
-0.064745 0.106114
0.136194 -0.120402
0.185418 -0.099357
-0.079796 0.116684
0.062561 -0.060927
-0.053244 0.105964
0.094948 -0.076679
0.060374 -0.080003
-0.037528 0.105162
0.112452 -0.080086
0.082935 -0.119354
-0.088454 0.178640
-0.027843 0.210603
0.108464 -0.081826
0.037910 0.007782
-0.047168 0.146446
-0.001463 0.016731
-0.063513 0.184949
0.000517 0.029295
0.091732 -0.083673
0.019673 0.014267
0.070869 -0.071254
0.004326 0.015377
-0.037310 0.141122
-0.041341 0.215362
0.207402 -0.089166
-0.008264 0.039289
0.110993 -0.079199
0.130635 -0.095065
0.160392 -0.081426
0.139492 -0.061925
0.052113 0.014647
0.051905 -0.065905
-0.029518 0.175756
0.093840 -0.074043
-0.033465 0.195661
0.080977 -0.054940
0.078169 -0.064250
0.005884 0.030432
0.102220 -0.064874
0.071292 0.027264
0.146922 -0.063350
0.015219 0.165848
-0.032938 0.138140
0.020097 0.051281
0.093065 0.036008
0.081845 -0.064697
0.089089 -0.057545
0.155845 -0.071926
0.121175 -0.051806
0.080425 -0.054364
0.005898 0.177427
-0.002107 0.139168
0.016048 0.178491
0.022111 0.171458
0.012570 0.195837
0.044945 0.063902
0.097331 0.058999
0.014911 0.025201
0.022310 0.205603
0.125827 0.061525
-0.009053 0.138219
0.053324 0.046600
0.019372 0.039116
0.020898 0.047713
0.160867 -0.051533
0.047905 0.054674
0.110649 -0.047913
0.161845 -0.049782
0.101220 0.055869
0.103610 0.058702
0.157739 -0.037436
0.010731 0.210824
0.094868 -0.039825
0.089965 0.051900
-0.017815 0.193588
0.067831 0.048587
0.047921 0.060020
0.176964 -0.047194
0.009959 0.041127
0.026888 0.193251
0.203832 -0.036742
0.092074 -0.029915
0.112592 -0.034398
0.020961 0.038238
0.019676 0.183737
0.012354 0.154879
0.204912 -0.043808
0.046056 0.068238
-0.013741 0.188534
0.100047 0.069225
0.022277 0.165555
0.040805 0.070617
0.030673 0.056436
-0.025815 0.174055
0.060801 0.176308
0.041617 0.059577
0.026745 0.048279
0.079338 0.068609
0.008347 0.142093
0.010250 0.157699
0.124781 -0.023863
0.150467 0.074918
0.169936 -0.027071
0.082244 -0.031362
0.147483 -0.034759
0.116762 -0.017290
0.018642 0.150774
0.049339 0.052750
0.035266 0.180846
0.083846 0.202559
0.057746 0.174639
0.150421 -0.015746
0.023939 0.175483
0.009766 0.157085
0.023871 0.158856
0.088877 -0.023610
0.058111 0.183158
0.149507 -0.015113
0.038395 0.166454
0.155764 -0.020311
0.184827 -0.010456
0.148362 -0.006090
0.055024 0.059937
0.023736 0.144605
0.040569 0.165910
0.032822 0.169525
0.104939 -0.017504
0.096678 0.087525
0.206440 -0.015554
0.176772 -0.011280
0.119279 0.090330
0.108294 -0.010061
0.189830 -0.003917
0.073313 0.181533
0.168533 -0.010773
0.203366 -0.011052
0.102229 0.087453
0.042263 0.187762
0.186657 -0.015332
0.051551 0.183158
0.026670 0.200964
0.165369 0.000233
0.139884 0.090734
0.086862 -0.015865
0.035742 0.157556
0.132966 -0.007958
0.131013 0.102322
0.032290 0.190804
0.055473 0.215061
0.138909 -0.000219
0.036457 0.163524
0.101373 0.104926
0.105168 0.259980
0.052218 0.174847
0.141910 0.096863
0.141894 0.005721
0.071099 0.210234
0.120535 0.002209
0.184865 0.006745
0.057872 0.223609
0.141184 0.004303
0.134808 0.100922
0.182454 0.008476
0.078060 -0.013224
0.160004 0.002698
0.051942 0.169812
0.088145 0.100948
0.099332 0.097307
0.129780 0.097935
0.157790 0.006788
0.126588 0.110477
0.075811 0.193182
0.158112 0.012420
0.058676 0.195305
0.110407 0.091404
0.054642 0.182283
0.135966 0.009246
0.087224 0.221020
0.082136 0.078711
0.096218 0.094110
0.118285 0.107673
0.122154 0.006567
0.153860 0.018963
0.107124 0.097212
0.096011 0.095760
0.114496 0.097842
0.128299 0.103352
0.144925 0.013041
0.144647 0.016890
0.082919 0.209346
0.117657 0.010702
0.071532 0.230026
0.154589 0.016577
0.110743 0.101966
0.130956 0.104405
0.121805 0.249432
0.086194 0.201558
0.100554 0.100002
0.170347 0.019543
0.221800 0.026470
0.118969 0.106381
0.193792 0.023274
-0.214025 0.040955
0.031846 -0.220570
-0.133460 -0.102958
0.075239 -0.222209
-0.089881 -0.134925
0.036859 -0.215616
-0.107685 -0.124737
-0.091466 -0.165782
-0.192332 0.021240
-0.239349 0.059374
-0.216458 0.068280
-0.242015 0.045469
-0.015587 -0.193624
-0.074106 -0.159341
-0.248367 0.119172
-0.222198 0.095899
0.060882 -0.222408
-0.078860 -0.097558
-0.113788 -0.110457
-0.241758 0.125816
0.026900 -0.189789
0.110333 -0.253656
-0.126361 -0.103742
-0.197762 0.145266
-0.225407 0.070542
-0.114172 -0.099434
-0.127928 -0.112156
0.055608 -0.209194
-0.223564 0.124066
-0.010944 -0.158656
0.058019 -0.230390
-0.068975 -0.056934
-0.209048 0.044073
0.101828 -0.225655
-0.201708 0.067826
-0.205946 0.080570
-0.211563 0.129739
-0.237848 0.087874
0.003579 -0.168026
0.102137 -0.232173
-0.027329 -0.082695
-0.088794 -0.147453
-0.172225 0.064907
-0.215836 0.147934
-0.132776 -0.088846
-0.100238 -0.090504
0.101955 -0.192620
0.065069 -0.192717
-0.196338 0.121280
0.114132 -0.199432
-0.044455 -0.113853
0.049455 -0.177081
-0.196156 0.066158
0.138747 -0.196290
-0.151520 0.068266
-0.183707 0.144117
0.025472 -0.168851
-0.164187 0.074357
-0.174692 0.146475
-0.030816 -0.089213
-0.105580 -0.064728
0.134390 -0.195675
0.080306 -0.187336
-0.091479 -0.060531
-0.152591 0.086235
-0.064156 -0.071237
-0.156383 0.069688
0.051367 -0.180586
0.132346 -0.185335
-0.159175 0.126371
-0.170060 0.067996
-0.039903 -0.074850
-0.140738 0.126899
-0.154711 0.081317
-0.035739 -0.090571
0.060645 -0.171713
-0.089268 -0.044606
0.105757 -0.158565
-0.075644 -0.043225
-0.044864 -0.109245
0.077109 -0.151748
-0.168852 0.178469
-0.189992 0.185505
0.056666 -0.140540
-0.092289 -0.049887
0.050824 -0.149146
0.117249 -0.154655
-0.154629 0.181286
-0.131718 0.053738
0.055994 -0.148099
-0.086824 -0.049228
0.144773 -0.174769
-0.093012 -0.043287
-0.154397 0.168375
0.024893 -0.022546
-0.141036 0.117493
-0.114306 0.110139
-0.143263 0.193589
0.106632 -0.150059
-0.029072 -0.086852
-0.087792 -0.034366
-0.149978 0.213725
-0.018051 -0.094086
0.169168 -0.159912
0.121265 -0.152797
0.079813 -0.157860
-0.130220 0.210518
-0.012022 -0.045005
0.110261 -0.140500
0.144549 -0.150251
0.044832 -0.120095
-0.028542 -0.026918
-0.124706 0.144786
-0.089535 0.209723
-0.001070 -0.072374
0.127536 -0.141187
0.051127 -0.121901
-0.129415 0.201765
-0.098438 0.198296
0.086352 -0.140056
-0.039475 -0.011988
-0.136020 0.175183
-0.087991 0.141890
-0.097525 -0.023528
0.153613 -0.137011
0.171301 -0.130898
-0.028565 -0.114306
-0.137620 0.152189
-0.108624 0.188382
0.131322 -0.142638
0.075962 -0.109340
-0.031851 -0.011156
-0.034450 0.003954
-0.102029 0.139669
-0.124071 0.160172
0.036503 -0.100555
-0.036284 0.001365
0.145305 -0.123893
-0.004711 0.014593
0.143480 -0.121815
0.157723 -0.131029
0.056489 -0.104741
-0.006443 0.005827
-0.010105 0.019604
-0.099540 0.175094
-0.072922 0.190949
-0.071017 0.164772
0.154383 -0.104532
0.151025 -0.107631
-0.094680 0.132477
0.106024 -0.104045
-0.084286 0.140815
0.104677 -0.114896
-0.077848 0.146302
0.150898 -0.096864
-0.110315 0.222311
0.178539 -0.119327
0.159681 -0.112395
0.181931 -0.090856
0.136846 -0.103836
-0.018475 0.019568
-0.035716 0.029635
0.120328 -0.079672
0.210458 -0.090503
0.134233 0.053574
0.189786 0.082366
0.179699 0.074801
-0.012667 0.025129
-0.048179 0.253985
-0.006593 0.028819
0.170356 -0.107908
-0.060661 0.233627
0.108300 -0.090104
0.083369 -0.083470
0.169217 -0.088223
-0.044881 0.218089
-0.071904 0.196313
-0.048222 0.189242
0.165209 -0.075963
-0.038352 0.210488
-0.050521 0.183647
0.048982 0.026463
0.037977 0.041983
0.174959 -0.087236
0.186400 -0.085594
0.180075 -0.092339
-0.054524 0.229697
0.079730 -0.068976
0.074943 0.038056
0.091768 0.046746
-0.057420 0.218540
0.032115 0.045433
-0.047584 0.135725
0.136256 -0.067906
0.054561 0.040254
-0.022881 0.210101
0.061614 0.034292
-0.045512 0.196988
0.009125 0.249357
-0.046112 0.189832
0.127190 -0.057991
-0.060136 0.190306
-0.052055 0.122761
0.176981 -0.066165
0.087934 0.054054
0.092482 0.057335
-0.030501 0.157375
-0.018449 0.241764
0.084234 -0.047335
0.127639 -0.064434
0.051270 0.080457
0.013305 0.059701
-0.045497 0.165783
0.121118 0.064414
0.192927 -0.073403
0.132937 0.078433
0.044559 0.053594
0.195904 0.096415
0.141425 0.072464
0.144738 -0.053577
0.133923 -0.054273
-0.013358 0.211271
0.139197 -0.050282
0.205344 -0.058368
0.102570 0.067100
0.192014 -0.053855
0.208347 -0.048018
0.108589 0.060678
0.172819 0.096229
0.133050 -0.031620
-0.018561 0.140250
0.152779 0.080742
-0.014032 0.168773
0.022681 0.058777
0.166157 0.091786
0.164117 -0.052614
0.149424 -0.030564
0.131823 -0.028047
0.170847 -0.039450
-0.007338 0.212489
0.138255 -0.034652
0.066755 0.058770
-0.006426 0.194540
-0.003045 0.236271
0.106921 0.067673
0.037300 0.238192
-0.011706 0.219751
0.209176 -0.036555
0.159760 -0.027504
0.059509 0.059103
0.114643 0.075022
0.003565 0.201976
-0.006973 0.173730
0.060911 0.064773
0.138892 -0.024604
0.033631 0.235190
0.023722 0.226187
-0.009330 0.194158
0.028775 0.234913
0.209545 -0.026090
0.102390 0.077699
0.130202 -0.026821
0.226477 -0.027477
0.192337 -0.014098
0.004863 0.225708
0.191186 -0.023052
0.123524 0.079511
0.021905 0.221725
0.150927 -0.018089
0.066010 0.074431
0.024359 0.189098
0.188286 -0.016548
0.091152 0.098365
0.083949 0.091835
0.021188 0.231176
0.055667 0.245778
0.065603 0.089722
0.128823 -0.007746
0.132398 0.083820
0.117413 0.084344
0.008096 0.190721
0.042694 0.242230
0.063205 0.279541
0.182916 -0.017478
0.117460 0.093418
0.071522 0.088647
0.076988 0.259867
0.068592 0.252395
0.113797 0.107671
0.185781 -0.005004
0.172040 0.000059
0.177651 0.000385
0.173158 -0.009121
0.106232 0.093727
0.108058 0.090773
0.050958 0.216266
0.098712 0.109547
0.089757 0.251520
0.104779 0.272209
0.121831 -0.004854
0.123945 -0.232936
0.039134 -0.138953
-0.145916 0.129522
0.002155 -0.047629
-0.160868 0.103183
-0.125995 0.092720
0.042766 -0.124843
-0.094012 -0.044633
-0.087808 0.087195
0.065219 -0.108374
0.158539 -0.163367
-0.031909 -0.018047
-0.006276 -0.060246
0.004957 -0.029047
0.155650 -0.175590
-0.146491 0.195328
0.017289 -0.032887
0.061494 -0.106882
-0.024992 -0.023659
-0.143557 0.117827
-0.106789 0.075459
-0.081086 0.082384
0.168533 -0.146937
0.029453 -0.113181
-0.114218 0.129617
-0.115111 0.121623
0.085763 -0.126960
-0.076047 -0.019725
0.022011 -0.023406
-0.076493 0.080045
-0.003047 -0.034859
0.039259 -0.096015
-0.089379 0.193810
0.056620 -0.099044
-0.097248 0.089687
-0.056450 0.125893
-0.091653 0.146380
-0.054435 -0.008694
-0.083434 0.170302
-0.073935 0.109168
-0.028423 0.008440
-0.017201 -0.016687
-0.098257 0.238681
-0.026478 -0.006568
-0.000480 -0.053997
-0.091819 0.109489
-0.088360 0.093326
-0.011188 -0.007904
-0.080655 0.148945
0.038090 -0.003420
-0.086388 0.098416
0.093965 -0.123865
-0.097462 0.176914
-0.085314 0.089609
0.158334 -0.115661
-0.093460 0.127181
0.015799 -0.009304
0.041152 0.002209
-0.017903 0.001490
0.064362 -0.079695
-0.055984 0.161374
0.063751 -0.075928
0.049239 -0.082743
0.077914 -0.085915
-0.036443 0.112708
-0.079693 0.107924
-0.050055 0.135237
0.134768 -0.091400
-0.048981 0.102205
-0.053071 0.114407
0.100452 -0.084956
-0.035915 0.130417
0.147017 -0.120356
0.014021 0.011036
-0.076632 0.149628
-0.091287 0.171225
0.035676 0.013246
-0.045106 0.099209
0.124633 -0.084956
0.143729 -0.099821
0.014415 0.009139
-0.056602 0.135222
-0.049361 0.141163
0.133835 -0.098365
0.018069 0.025886
0.165596 -0.074608
0.046775 0.029843
0.189130 -0.082845
0.067009 -0.061384
0.013378 0.016690
0.109923 -0.068444
-0.002791 0.178442
-0.018266 0.116827
0.153452 -0.078927
0.168006 -0.080235
-0.005425 0.026800
0.085628 -0.078731
0.147365 -0.093712
-0.026859 0.112310
-0.016628 0.036017
-0.033311 0.165666
0.067316 -0.060755
0.106770 -0.064298
0.113956 -0.057674
0.161727 -0.061115
0.136091 -0.079917
0.060896 0.032019
-0.031232 0.164715
0.128993 -0.056732
0.154908 -0.058647
0.180103 -0.065308
0.055993 0.024221
0.037235 0.032768
-0.016186 0.139564
0.005398 0.048571
0.141945 -0.063860
0.017975 0.037082
0.137218 -0.054398
0.036790 0.045350
0.069847 0.040424
0.040885 0.036133
-0.012686 0.154596
-0.038261 0.173250
0.063141 0.041163
-0.026621 0.145065
0.118772 -0.056370
-0.018881 0.119941
0.001294 0.140475
0.005628 0.185180
0.106968 0.056629
0.144683 -0.046531
-0.013435 0.135175
0.016031 0.212985
0.009346 0.035216
0.048278 0.049607
0.087041 0.063818
0.030397 0.044099
0.000321 0.180544
-0.013825 0.143525
0.121288 -0.033543
0.053578 0.054652
0.102152 0.061449
0.034179 0.217251
0.127221 -0.042015
0.073496 0.064556
0.013621 0.188111
-0.007444 0.220676
0.005092 0.209541
0.128939 -0.033794
0.181910 -0.035255
0.096353 0.063647
0.113307 -0.044432
-0.013675 0.157648
0.033739 0.189637
0.157413 -0.056265
0.174359 -0.033258
0.047242 0.044786
0.159451 -0.024833
0.020489 0.152687
0.054373 0.212370
0.209298 -0.029965
0.122681 -0.031850
0.098674 -0.023527
0.079280 0.062172
0.071034 0.049931
0.041696 0.157369
0.083244 -0.025246
0.168752 -0.023304
0.071643 -0.026070
0.093944 -0.021598
0.090080 -0.032082
0.048732 0.189228
0.182481 -0.019344
0.005465 0.167214
0.143904 -0.018881
0.057014 0.183138
0.135630 -0.020105
0.062540 0.214910
0.031489 0.156740
0.121960 -0.016829
0.167860 -0.016126
0.049850 0.201676
0.062746 0.067382
0.160021 0.098051
0.024740 0.176404
0.008397 0.158329
0.078899 0.064607
0.108799 0.076949
0.157194 0.098569
0.153274 -0.013398
0.069707 0.208785
0.074712 0.058626
0.167255 -0.007990
0.047004 0.229112
0.034011 0.195735
0.030678 0.149548
0.036387 0.149178
0.044061 0.158728
0.093519 0.081438
0.164422 -0.003344
0.134242 -0.007853
0.154108 0.106991
0.046302 0.073695
0.057267 0.065126
0.031432 0.177674
0.077776 0.093894
0.075898 0.198766
0.036337 0.160729
0.072730 0.194451
-0.001680 0.164414
0.085122 0.094565
0.189363 0.004651
0.195885 -0.004638
0.044665 0.205480
0.165330 0.108120
0.081981 0.086682
0.205437 0.007708
0.051185 0.175071
0.198824 0.012814
0.080167 0.199355
0.125208 0.094145
0.035125 0.175480
0.064950 0.184572
0.063730 0.072761
0.195295 0.007105
0.133726 0.099990
0.195514 0.013866
0.163879 0.014118
0.070921 0.081440
0.114976 -0.000560
0.210444 0.016539
0.091120 0.104169
0.136830 0.013021
0.086440 0.210365
0.069345 0.076355
0.084245 0.221759
0.089635 0.081126
0.046438 0.171285
0.037067 0.167134
0.090360 0.093482
0.226647 0.012958
0.094135 0.209502
0.197905 0.014073
0.112782 0.241910
0.111346 0.216247
0.073860 0.082487
0.108063 0.005980
0.090840 0.086911
0.094437 0.196520
0.045019 0.159156
0.162650 0.016324
0.090830 0.211131
0.104264 0.100016
0.085057 0.100890
0.148422 0.017759
0.136091 0.016496
0.103954 0.096280
0.112958 0.217594
0.122595 0.111845
0.085714 0.212009
0.093246 0.216573
0.066629 0.177811
0.157308 0.012666
0.106422 0.216871
0.090748 0.195896
0.162347 0.121328
0.106429 0.101637
0.135560 0.241730
0.173479 0.026924
0.114185 0.118317
0.127181 0.105112
0.123376 0.109728
0.104518 0.107541
0.158201 0.025463
0.106227 0.226809
0.070825 0.177243
0.096735 0.211106
0.156633 0.128807
0.110861 0.227639
0.227040 0.041161
0.084760 0.199419
0.110348 0.108730
0.187359 0.136724
0.080358 0.192942
0.097651 0.195636
0.099900 0.107824
0.102075 0.213835
0.136130 0.249087
0.163286 0.032212
0.100182 0.104306
0.159063 0.124975
0.144465 0.029151
0.114126 0.112004
0.186567 0.038600
0.161994 0.030727
0.186496 0.037928
0.151605 0.035289
0.133126 0.122461
0.113733 0.215915
0.109515 0.115298
0.045757 -0.113432
-0.020912 -0.004361
0.069279 -0.092793
0.162299 -0.102591
-0.085466 0.170316
-0.122209 0.170742
-0.044850 0.009981
-0.020148 0.017789
-0.053905 0.147442
0.097348 -0.094518
0.066398 -0.077297
-0.095841 0.129622
0.111957 -0.101273
-0.069363 0.178390
0.165648 -0.110737
-0.017376 0.021220
0.035755 0.001969
-0.072509 0.136607
0.123329 -0.102323
0.125605 -0.090440
-0.002193 0.025485
0.023313 0.001763
-0.045766 0.180914
-0.045220 0.173082
-0.017673 0.025964
-0.072202 0.181540
-0.067071 0.214536
0.021159 0.015622
-0.096685 0.160696
0.018065 0.023938
0.092840 -0.095647
0.097733 0.033169
0.129325 -0.121089
0.006610 0.035845
0.139599 -0.085024
0.070558 -0.086927
0.110384 0.044463
0.176246 -0.082406
0.099963 -0.069571
0.064843 -0.060135
0.008379 0.185103
-0.039251 0.223950
-0.024137 0.189681
0.077315 -0.047731
0.097724 0.044007
0.108007 0.044937
-0.015025 0.173065
-0.027945 0.012565
-0.023252 0.149146
-0.024319 0.236100
0.177486 0.089720
0.042116 0.035292
-0.061163 0.181669
0.036316 0.033807
0.194663 -0.078683
0.030959 0.032929
0.051177 0.045532
0.082226 -0.059785
-0.023052 0.144454
0.166671 -0.049971
-0.025242 0.178359
-0.021029 0.126056
-0.009833 0.222496
0.163446 -0.062680
0.091425 -0.040254
-0.026029 0.227213
0.224771 -0.064225
0.149016 0.070010
0.058823 0.035262
-0.013660 0.173754
0.110298 -0.045885
0.150543 -0.064462
0.006061 0.193755
0.069092 0.073854
0.094964 -0.038538
-0.011710 0.132825
0.112782 -0.038511
0.070012 0.051404
0.008634 0.036442
-0.010496 0.144338
0.092752 0.065729
0.126645 0.089145
0.037681 0.253460
0.106084 -0.045135
0.069032 0.060257
0.039843 0.050742
0.133165 -0.037334
0.072231 0.059095
0.128424 -0.044344
0.088732 0.070465
0.165696 -0.043589
0.096816 0.061243
0.024312 0.201292
0.172127 -0.038491
0.136395 -0.031707
0.099704 -0.034634
0.117432 -0.027840
0.031821 0.060048
0.051726 0.071400
0.143515 -0.041760
0.028796 0.159459
0.120777 -0.035819
0.119151 0.070483
0.188892 -0.023649
0.047787 0.215193
0.109669 0.070439
0.148002 0.082281
0.063245 0.087181
0.052077 0.203114
0.121580 -0.028974
0.104860 0.083037
0.039666 0.163999
0.062330 0.074594
0.027405 0.061266
0.138486 -0.014507
0.169998 -0.022708
0.058066 0.236902
0.127626 0.080457
0.098834 0.071855
0.042856 0.248371
0.007007 0.164666
0.004678 0.153498
0.183475 -0.016218
0.098442 -0.022366
0.035172 0.197305
0.051826 0.064589
0.137982 -0.016057
0.021475 0.212282
0.078946 0.075293
0.073545 0.075745
0.166224 -0.004975
0.142556 0.099178
0.094870 0.083272
0.157552 -0.007648
0.044099 0.187023
0.114758 0.084232
0.104108 -0.009011
0.144127 0.001600
0.073736 0.095727
0.186632 -0.003085
0.127702 -0.009350
0.065440 0.186820
0.093460 0.085341
0.129779 0.105834
0.072958 0.222709
0.054164 0.180861
0.167231 0.108870
0.067816 0.215918
0.042954 0.217791
0.120755 -0.003732
0.028610 0.160591
0.046300 0.203419
0.143554 0.109233
0.081128 0.224000
0.065517 0.235880
0.083643 0.083472
0.178934 0.006228
0.112179 0.109412
0.093770 0.100799
0.072221 0.219039
0.087518 0.232883
0.082209 0.092408
0.188692 0.009830
0.227928 0.008886
0.131049 0.005316
0.060510 0.172489
0.072974 0.201031
0.140203 0.109228
0.050792 0.206274
0.131326 0.007540
0.222168 0.016914
0.048844 0.163572
0.089946 0.088319
0.090805 0.202162
0.142809 0.011416
0.121288 0.096146
0.068714 0.185686
0.197524 0.019194
0.073911 0.208510
0.174801 0.019050
0.176002 0.021416
0.063389 0.210053
0.099291 0.235003
0.183202 0.023325
0.217988 0.025087
0.122555 0.117184
0.192960 0.024440
0.173396 0.022984
0.151280 0.018214
0.173973 0.023992
0.084241 0.094905
0.080321 0.097260
0.128497 0.244445
0.170219 0.025836
0.110691 0.104341
0.172459 0.019483
0.123330 0.101238
0.088661 0.208687
0.056686 0.186032
0.079313 0.206715
0.163796 0.118476
0.102300 0.208220
0.103189 0.104509
0.170765 0.026662
0.148554 0.117129
0.152412 0.026503
0.201599 0.031132
0.168057 0.133854
0.089768 0.089861
0.107401 0.105885
0.194768 0.026699
0.148477 0.263609
0.151404 0.024947
0.089575 0.196306
0.168815 0.129775
0.208915 0.030421
0.110653 0.224374
0.066600 0.185708
0.147488 0.025129
0.124919 0.233878
0.189741 0.135633
0.114697 0.113417
0.101758 0.220092
0.174458 0.030554
0.129589 0.264676
0.124990 0.225758
0.159203 0.129690
0.157142 0.130535
0.199765 0.139085
0.128562 0.120040
0.246040 0.040250
0.087063 0.205130
0.177928 0.138514
0.106513 0.205967
0.116140 0.213354
0.130150 0.123201
0.211536 0.145749
0.146725 0.129399
0.172256 0.136585
0.098481 0.233114
0.162907 0.126937
0.200638 0.042534
0.128262 0.124339
0.158490 0.036311
0.114805 0.239059
0.135338 0.124093
0.239596 0.050476
0.216519 0.042785
0.200494 0.045083
0.244536 0.053074
0.200485 0.045983
0.213008 0.049879
0.104297 0.204823
0.187490 0.049989
0.177666 0.134476
0.114730 0.219936
0.170764 0.134319
0.133727 0.127312
0.122648 0.216474
0.194511 0.050751
0.222318 0.052710
0.199972 0.049789
0.184138 0.044123
0.200350 0.049585
0.170941 0.044311
0.163478 0.139065
0.218585 0.050467
0.148514 0.132412
0.192655 0.056878
0.122456 0.119036
0.157319 0.135232
0.184807 0.051420
0.171692 0.138789
0.165023 0.046654
0.103229 0.223515
0.115263 0.226141
0.166620 0.140570
0.175996 0.049023
0.190589 0.055343
0.117485 0.219406
0.173569 0.147670
0.143910 0.249480
0.195056 0.055553
0.175579 0.145361
0.160885 0.277293
0.144027 0.238998
0.166891 0.139610
0.185746 0.144853
0.205379 0.059922
0.169861 0.144744
0.183245 0.054760
0.163043 0.140844
0.126499 0.126296
0.113592 0.210363
0.147920 0.259361
0.126842 0.229588
0.110541 0.208853
0.209907 0.065947
0.215190 0.062374
0.174298 0.149725
