-0.356915 -0.149425
-0.363797 -0.126870
-0.353267 -0.138387
-0.335731 -0.109252
-0.329822 -0.088921
-0.328383 -0.105054
-0.341997 -0.076173
-0.359360 -0.098250
-0.371593 -0.123261
-0.353490 -0.153325
-0.341820 -0.151968
-0.347260 -0.107425
-0.341520 -0.056799
-0.342599 -0.038823
-0.343913 -0.039897
-0.349461 -0.020574
-0.344031 0.011850
-0.329081 0.031269
-0.327276 0.030933
-0.322882 0.022667
-0.331267 0.016818
-0.326865 0.033547
-0.329841 0.015342
-0.309309 0.002012
-0.320185 -0.006983
-0.312359 0.011612
-0.326324 0.003590
-0.339396 -0.022101
-0.333715 -0.061098
-0.335358 -0.058770
-0.322468 -0.058585
-0.333864 -0.080300
-0.334974 -0.047758
-0.318227 -0.071731
-0.327027 -0.110085
-0.334473 -0.094946
-0.321683 -0.080995
-0.311614 -0.070756
-0.297306 -0.054666
-0.305465 -0.035259
-0.297377 -0.074095
-0.293416 -0.107764
-0.301311 -0.132509
-0.303400 -0.154953
-0.301803 -0.160349
-0.307057 -0.170016
-0.283402 -0.202920
-0.281098 -0.219210
-0.290242 -0.230702
-0.293010 -0.205579
-0.298923 -0.194580
-0.282148 -0.198611
-0.279719 -0.128929
-0.279286 -0.143016
-0.279979 -0.117139
-0.286728 -0.101181
-0.283238 -0.081522
-0.271543 -0.052923
-0.274831 -0.033848
-0.268413 -0.004027
-0.258135 -0.011058
-0.261230 0.004440
-0.257853 0.000449
-0.268897 0.015703
-0.276197 0.014031
-0.278879 -0.001576
-0.268670 -0.017737
-0.266313 -0.042391
-0.264615 -0.068080
-0.260807 -0.094381
-0.274981 -0.062179
-0.273911 -0.053516
-0.271414 -0.039237
-0.264568 -0.039956
-0.260729 -0.051521
-0.268624 -0.036373
-0.269591 -0.048615
-0.271109 -0.027803
-0.275899 0.011117
-0.266029 -0.028399
-0.269286 -0.030410
-0.274769 -0.012892
-0.257034 -0.043704
-0.257940 -0.040949
-0.245632 -0.078034
-0.252729 -0.124977
-0.259074 -0.107235
-0.272639 -0.115681
-0.275584 -0.122704
-0.262190 -0.159116
-0.261458 -0.167201
-0.257421 -0.189436
-0.257535 -0.231989
-0.249988 -0.242233
-0.256992 -0.245341
-0.271280 -0.240093
-0.273767 -0.254247
-0.271934 -0.216475
-0.273947 -0.172137
-0.271657 -0.144657
-0.275598 -0.191870
-0.279488 -0.158578
-0.269476 -0.169459
-0.294825 -0.175181
-0.285951 -0.174916
-0.284976 -0.172015
-0.288863 -0.172937
-0.277444 -0.190342
-0.274664 -0.238421
-0.286960 -0.196139
-0.295836 -0.170288
-0.297011 -0.180140
-0.288785 -0.117831
-0.283643 -0.090454
-0.296021 -0.006282
-0.289703 0.040456
-0.282526 0.018010
-0.278305 -0.040458
-0.268821 -0.075485
-0.271946 -0.077483
-0.274607 -0.007737
-0.278610 0.038935
-0.268719 0.022254
-0.258644 0.044653
-0.266426 0.054519
-0.255813 0.047753
-0.256503 0.046956
-0.257298 0.055744
-0.258370 0.027678
-0.271253 0.039606
-0.271245 0.049224
-0.272948 0.030349
-0.265158 0.033151
-0.256968 0.041058
-0.253469 0.038396
-0.256946 0.013122
-0.257950 0.019871
-0.262854 0.035094
-0.267471 0.047073
-0.258429 0.031292
-0.245129 0.019020
-0.247105 0.024840
-0.238020 -0.032836
-0.231564 -0.017154
-0.230437 -0.057944
-0.239238 -0.090364
-0.233429 -0.083208
-0.233551 -0.047142
-0.246340 -0.020347
-0.244248 0.026329
-0.242998 0.028681
-0.246573 -0.003101
-0.232101 -0.008898
-0.227889 -0.007809
-0.238759 0.010988
-0.236251 -0.008953
-0.235314 0.018572
-0.247078 0.005744
-0.241669 -0.001807
-0.242667 0.002319
-0.239126 -0.006463
-0.240623 0.033827
-0.238624 -0.012405
-0.244352 -0.007282
-0.251073 0.053282
-0.243333 0.076721
-0.244704 0.075293
-0.245891 0.075155
-0.249360 0.075368
-0.257734 0.077787
-0.249262 0.057095
-0.233912 0.026124
-0.227264 0.068275
-0.224177 0.069799
-0.224790 0.075761
-0.221465 0.066633
-0.225829 0.087768
-0.216800 0.071249
-0.219823 0.059933
-0.200992 0.034541
-0.193010 -0.002442
-0.183571 0.007756
-0.188552 0.028170
-0.181200 0.014302
-0.178717 -0.002517
-0.176266 0.012743
-0.182377 0.020971
-0.188037 0.005681
-0.188654 0.010767
-0.181754 0.008794
-0.172749 0.010753
-0.176829 -0.020035
-0.178327 -0.024866
-0.177876 -0.046721
-0.182130 -0.066740
-0.180905 -0.064989
-0.171700 -0.070922
-0.175963 -0.029324
-0.187731 0.010131
-0.185484 0.034150
-0.187925 0.057245
-0.184530 0.036686
-0.186869 -0.016945
-0.186074 -0.045690
-0.167941 -0.042866
-0.162266 -0.039729
-0.148787 -0.077742
-0.143879 -0.057067
-0.133120 -0.029949
-0.122469 -0.056563
-0.122942 -0.040955
-0.121139 -0.043708
-0.112524 -0.040296
-0.109098 -0.041691
-0.111269 -0.042680
-0.108140 -0.042243
-0.111411 -0.062415
-0.108621 -0.025287
-0.109635 -0.016184
-0.104398 -0.016037
-0.107758 -0.030859
-0.108429 -0.006253
-0.109465 -0.006353
-0.110842 -0.001931
-0.118849 0.001192
-0.120002 -0.009917
-0.130623 0.025851
-0.127124 0.022662
-0.122457 -0.003767
-0.119647 -0.045816
-0.109078 -0.085294
-0.102333 -0.091281
-0.105318 -0.061604
-0.118403 -0.049809
-0.116466 -0.017750
-0.124766 -0.011649
-0.125169 -0.019447
-0.129218 -0.042150
-0.108319 -0.056331
-0.111427 -0.066095
-0.109559 -0.090009
-0.099207 -0.110645
-0.095698 -0.157903
-0.096936 -0.136405
-0.096065 -0.142542
-0.090170 -0.157684
-0.084585 -0.172891
-0.076004 -0.197405
-0.075430 -0.193401
-0.072654 -0.203941
-0.072290 -0.205222
-0.067378 -0.217511
-0.064639 -0.207527
-0.070085 -0.201814
-0.070950 -0.211809
-0.078729 -0.192722
-0.068725 -0.204889
-0.076191 -0.184721
-0.072244 -0.180686
-0.068491 -0.182476
-0.068620 -0.181480
-0.071605 -0.161853
-0.070053 -0.171327
-0.069429 -0.191131
-0.068530 -0.186264
-0.069714 -0.191007
-0.065190 -0.191891
-0.067902 -0.187612
-0.061823 -0.194078
-0.060923 -0.196128
-0.071283 -0.165430
-0.078986 -0.147150
-0.084852 -0.152911
-0.078251 -0.150322
-0.089743 -0.130027
-0.110045 -0.115374
-0.128938 -0.069863
-0.156001 -0.003913
-0.157023 0.046812
-0.142656 -0.007599
-0.162474 -0.004619
-0.176504 -0.034831
-0.164438 -0.057935
-0.162778 -0.061931
-0.179338 -0.043453
-0.184976 -0.041521
-0.176901 -0.045313
-0.180499 -0.055084
-0.173851 -0.092039
-0.190164 -0.105769
-0.194984 -0.103502
-0.194225 -0.131814
-0.195424 -0.128483
-0.202535 -0.121155
-0.203463 -0.129939
-0.218611 -0.079065
-0.229308 -0.063939
-0.252476 -0.052713
-0.269894 -0.020830
-0.288899 -0.015066
-0.253941 -0.121407
-0.259190 -0.136734
-0.261217 -0.125067
-0.271759 -0.105187
-0.250329 -0.135626
-0.227165 -0.152485
-0.218438 -0.194588
-0.205675 -0.217533
-0.204044 -0.256439
-0.204435 -0.264920
-0.200144 -0.237905
-0.209542 -0.206716
-0.211284 -0.173038
-0.213912 -0.149915
-0.203305 -0.163975
-0.196800 -0.175188
-0.204257 -0.160812
-0.205112 -0.104823
-0.199918 -0.095050
-0.196581 -0.080634
-0.191725 -0.077879
-0.198087 -0.087993
-0.212047 -0.092089
-0.210329 -0.080868
-0.209574 -0.093567
-0.215361 -0.095173
-0.223887 -0.096295
-0.214982 -0.085478
-0.206354 -0.101139
-0.201619 -0.114220
-0.203887 -0.075340
-0.200429 -0.097985
-0.206389 -0.082086
-0.214665 -0.061638
-0.217088 -0.083897
-0.220391 -0.038437
-0.220000 -0.026047
-0.224473 0.005029
-0.222755 0.050515
-0.216029 0.040709
-0.218378 0.049815
-0.216781 0.011910
-0.211783 0.044834
-0.213983 0.024481
-0.211744 0.005417
-0.208270 0.015155
-0.217198 0.048518
-0.216842 0.029950
-0.212862 0.051917
-0.210513 -0.009850
-0.205904 -0.011260
-0.203628 0.038737
-0.197773 -0.020948
-0.209290 0.016793
-0.197065 -0.043672
-0.185601 -0.122399
-0.181005 -0.130892
-0.166555 -0.168483
-0.179883 -0.113456
-0.212338 0.053490
-0.173673 -0.100876
-0.182036 -0.128591
-0.172255 -0.143101
-0.160826 -0.139423
-0.159571 -0.152156
-0.166003 -0.162849
-0.170506 -0.139588
-0.173815 -0.127820
-0.162548 -0.181381
-0.165638 -0.145606
-0.153044 -0.148434
-0.150920 -0.136991
-0.147101 -0.134555
-0.160339 -0.123605
-0.163862 -0.141870
-0.165616 -0.103924
-0.163353 -0.083701
-0.165018 -0.025830
-0.180938 0.029678
-0.171053 0.066617
-0.170784 0.081706
-0.176748 0.093668
-0.184075 0.136653
-0.186554 0.135850
-0.188030 0.164568
-0.187407 0.174058
-0.190608 0.168877
-0.185683 0.195374
-0.182475 0.184249
-0.173944 0.160327
-0.171511 0.152150
-0.171759 0.161602
-0.179209 0.194536
-0.173775 0.183937
-0.174643 0.188625
-0.169172 0.180769
-0.170321 0.167642
-0.170140 0.140598
-0.171143 0.142723
-0.168422 0.148232
-0.171181 0.159952
-0.172487 0.164282
-0.176598 0.155264
-0.176640 0.142159
-0.181168 0.160679
-0.182697 0.169340
-0.189793 0.159098
-0.191840 0.150891
-0.190480 0.146865
-0.179763 0.130382
-0.172674 0.124121
-0.164563 0.129181
-0.157523 0.117874
-0.168350 0.121664
-0.177212 0.114056
-0.171259 0.113309
-0.186497 0.102930
-0.126963 -0.123598
-0.128327 -0.115324
-0.160776 0.043259
-0.150558 0.053257
-0.139745 0.034334
-0.134987 -0.038247
-0.136384 -0.043030
-0.132275 0.004945
-0.122136 -0.051472
-0.114980 -0.003745
-0.118155 0.019858
-0.108727 0.023574
-0.110405 0.016959
-0.118943 0.011403
-0.122521 0.029006
-0.119201 0.010155
-0.119206 0.023439
-0.123564 0.016100
-0.135505 0.027012
-0.126489 0.050026
-0.134584 0.070398
-0.136145 0.079403
-0.144886 0.083177
-0.148880 0.066692
-0.135876 -0.083048
-0.106391 -0.160717
-0.161489 0.035219
-0.158580 0.085483
-0.154677 0.068387
-0.158733 0.083642
-0.146305 0.123400
-0.148947 0.079491
-0.155362 0.035135
-0.130143 -0.085277
-0.105380 -0.083277
-0.104364 -0.055048
-0.103845 -0.098174
-0.090067 -0.097245
-0.097759 -0.085904
-0.085127 -0.061011
-0.082884 -0.051841
-0.079187 -0.047086
-0.079661 -0.076018
-0.077657 -0.061169
-0.077416 -0.066325
-0.075786 -0.078440
-0.072255 -0.066412
-0.060795 -0.094970
-0.055564 -0.120595
-0.045043 -0.149162
-0.048036 -0.129241
-0.039827 -0.156465
-0.034218 -0.172577
-0.026301 -0.192965
-0.041882 -0.146095
-0.051294 -0.109447
-0.051663 -0.111325
-0.039166 -0.123270
-0.035461 -0.145392
-0.049073 -0.114716
-0.046648 -0.131222
-0.047889 -0.140405
-0.046037 -0.101961
-0.043477 -0.101385
-0.042427 -0.098840
-0.042806 -0.077758
-0.043683 -0.073583
-0.041408 -0.075445
-0.039818 -0.111773
-0.036188 -0.146331
-0.033969 -0.162202
-0.027441 -0.187678
-0.043959 -0.135210
-0.044538 -0.127495
-0.042518 -0.134542
-0.045051 -0.136183
-0.044849 -0.107737
-0.048050 -0.117630
-0.052208 -0.121427
-0.054034 -0.111242
-0.050365 -0.118182
-0.053941 -0.113387
-0.058107 -0.115327
-0.063922 -0.101724
-0.060070 -0.126119
-0.053947 -0.133611
-0.042473 -0.156544
-0.042937 -0.153619
-0.040080 -0.146698
-0.030216 -0.170784
-0.026147 -0.174817
-0.026643 -0.166700
-0.018856 -0.187331
-0.020606 -0.176080
-0.017978 -0.173388
-0.008070 -0.184274
-0.006720 -0.178094
-0.015002 -0.142263
-0.014959 -0.146382
-0.015152 -0.149204
-0.007994 -0.147238
-0.000333 -0.149931
0.017878 -0.184590
0.024324 -0.204138
0.019543 -0.189365
0.008351 -0.154832
0.023735 -0.186669
0.012127 -0.152099
0.020139 -0.185727
0.025494 -0.197725
0.021859 -0.191139
0.018953 -0.173031
0.013061 -0.164775
0.027356 -0.167589
0.026150 -0.180265
0.035947 -0.193466
0.024392 -0.175322
0.014999 -0.144723
0.021827 -0.165406
0.026287 -0.171621
0.034922 -0.182990
0.053138 -0.209762
0.028507 -0.160106
0.022612 -0.142691
0.020569 -0.130954
0.016495 -0.139939
0.016666 -0.157728
0.028001 -0.183969
0.019179 -0.153149
0.022861 -0.141498
0.024091 -0.144345
0.018549 -0.133410
0.017694 -0.117608
0.026010 -0.121254
0.027329 -0.134445
0.018867 -0.122953
0.011851 -0.092511
0.007349 -0.088199
0.009042 -0.072131
0.002231 -0.042539
0.007677 -0.077079
0.013942 -0.086750
0.018832 -0.085195
0.012239 -0.077369
0.022861 -0.099836
0.016004 -0.090373
0.016655 -0.088352
0.027023 -0.117633
0.013955 -0.091582
0.008615 -0.063912
0.004076 -0.048730
0.003817 -0.022553
0.003236 -0.030774
-0.001170 -0.029267
-0.008698 0.001898
-0.009683 0.001008
-0.013474 0.010499
-0.020440 0.002873
-0.019570 0.007196
-0.035033 0.030879
-0.042112 0.037973
-0.048534 0.042310
-0.046237 0.024682
-0.052105 0.018880
-0.066437 0.021509
-0.061124 0.007199
-0.064318 -0.017021
-0.069123 -0.041942
-0.075711 -0.029497
-0.073256 -0.032968
-0.080123 -0.027343
-0.085182 -0.016766
-0.104302 -0.034082
-0.115347 -0.034615
-0.123353 -0.062292
-0.129521 -0.054230
-0.125232 -0.068458
-0.142509 -0.049681
-0.136906 -0.093943
-0.131093 -0.132944
-0.137737 -0.151561
-0.144876 -0.182824
-0.144220 -0.178284
-0.142242 -0.208870
-0.138275 -0.231900
-0.145364 -0.204862
-0.137564 -0.175953
-0.143540 -0.193011
-0.139761 -0.204312
-0.131553 -0.228928
-0.130749 -0.235460
-0.132014 -0.221199
-0.128308 -0.202635
-0.127824 -0.187941
-0.129254 -0.141816
-0.131241 -0.162413
-0.131876 -0.155390
-0.136952 -0.106600
-0.130673 -0.158585
-0.139561 -0.148899
-0.148919 -0.129773
-0.144993 -0.133165
-0.149243 -0.147325
-0.145163 -0.131507
-0.160764 -0.090418
-0.164287 -0.051462
-0.169779 -0.026971
-0.180843 -0.011324
-0.168655 0.012993
-0.162688 0.029566
-0.144255 0.004893
-0.145777 0.019543
-0.141973 0.015518
-0.138812 0.012003
-0.140798 0.025882
-0.140869 0.004523
-0.151029 0.013751
-0.151891 0.012944
-0.148512 0.000741
-0.146698 0.024267
-0.167717 0.059152
-0.170008 0.064794
-0.166131 0.063429
-0.169076 0.048146
-0.161475 0.041048
-0.154420 0.037567
-0.159478 0.063134
-0.154969 0.054626
-0.149307 0.049655
-0.158923 0.053950
-0.152345 0.021873
-0.151477 0.006487
-0.143664 -0.013035
-0.144655 -0.009712
-0.149220 -0.035257
-0.140542 -0.055153
-0.132428 -0.025383
-0.115226 -0.036004
-0.117274 -0.038447
-0.114486 -0.036450
-0.112456 -0.019167
-0.110500 -0.035168
-0.105029 -0.049980
-0.115211 -0.023322
-0.121900 -0.021872
-0.117348 0.007234
-0.108169 -0.017142
-0.109707 -0.014617
-0.107135 -0.008810
-0.102727 -0.020139
-0.106254 -0.020839
-0.106191 0.003252
-0.107286 -0.000317
-0.106336 -0.001213
-0.090532 -0.028099
-0.094583 -0.027918
-0.098420 -0.059783
-0.094315 -0.075270
-0.096444 -0.056594
-0.091970 -0.066011
-0.084785 -0.029740
-0.080397 -0.020436
-0.085065 0.000194
-0.087867 0.011059
-0.094610 0.018687
-0.099590 0.019251
-0.093399 -0.009261
-0.091147 0.001960
-0.097753 0.004912
-0.097336 -0.006330
-0.091193 -0.026009
-0.086429 0.000511
-0.087813 0.009765
-0.082689 -0.005252
-0.073770 -0.027571
-0.074882 -0.044439
-0.080410 -0.018948
-0.087300 -0.026207
-0.089900 -0.009398
-0.093784 -0.007862
-0.090611 -0.012327
-0.082948 -0.008425
-0.074208 -0.010181
-0.071864 -0.007591
-0.072825 -0.008437
-0.072749 -0.012414
-0.073662 -0.012546
-0.078109 -0.011454
-0.074629 -0.020586
-0.074677 -0.041537
-0.068336 -0.038321
-0.057992 -0.039054
-0.058182 -0.034630
-0.053708 -0.049922
-0.045973 -0.060651
-0.047164 -0.038465
-0.049060 -0.013780
-0.050183 -0.022546
-0.055271 -0.026839
-0.055629 -0.025160
-0.065336 -0.013489
-0.063589 -0.026089
-0.054090 -0.019726
-0.067685 0.011544
-0.073044 0.048788
-0.078068 0.035685
-0.080046 0.010559
-0.069853 0.031420
-0.071210 0.029025
-0.049104 0.012315
-0.046016 -0.012434
-0.036346 -0.041581
-0.031578 -0.029116
-0.032085 -0.006004
-0.031813 -0.004717
-0.034123 0.023001
-0.040818 0.024740
-0.043656 0.042241
-0.043898 0.052404
-0.042800 0.063678
-0.039905 0.052234
-0.047015 0.066965
-0.048875 0.050266
-0.052604 0.037135
-0.051166 0.057246
-0.051840 0.047584
-0.049185 0.033919
-0.042405 0.002944
-0.049288 0.029625
-0.046080 0.049677
-0.045316 0.051112
-0.043425 0.048595
-0.045383 0.044216
-0.046692 0.039745
-0.055448 0.037438
-0.054669 0.089121
-0.054573 0.118808
-0.057806 0.133768
-0.058052 0.116984
-0.057522 0.143709
-0.039639 0.164789
-0.038661 0.171839
-0.036323 0.170335
-0.043879 0.152213
-0.047209 0.138641
-0.053672 0.123196
-0.042174 0.153962
-0.036017 0.167645
-0.034226 0.160109
-0.035143 0.153770
-0.032572 0.154237
-0.029089 0.173255
-0.026213 0.180160
-0.022098 0.177585
-0.022939 0.192399
-0.022374 0.188231
-0.017097 0.185036
-0.018126 0.175753
-0.019829 0.153603
-0.022928 0.145123
-0.026649 0.121868
-0.031493 0.140719
-0.035316 0.123533
-0.035077 0.097962
-0.038654 0.104892
-0.042644 0.109602
0.010167 -0.117075
-0.019356 0.150361
0.035390 -0.145709
0.036132 -0.152168
0.044611 -0.167514
0.062066 -0.199533
0.062242 -0.196077
0.069333 -0.195834
0.071392 -0.183249
0.053148 -0.153319
0.041369 -0.148418
0.048503 -0.168915
0.043512 -0.158167
0.037782 -0.131350
0.041048 -0.118851
0.044276 -0.138805
0.033298 -0.122056
0.025827 -0.099564
0.037312 -0.138575
0.043477 -0.143053
0.051232 -0.147860
0.041420 -0.123127
0.033672 -0.111873
0.026106 -0.076445
0.022273 -0.059208
0.036144 -0.065520
0.033780 -0.058003
0.037002 -0.056005
0.024435 -0.047993
0.017726 -0.014271
0.018897 -0.013005
0.017300 -0.013418
0.011977 0.012618
0.015223 0.001345
0.007650 0.022308
0.006731 0.028592
0.009063 0.016278
0.009767 0.035364
0.017257 0.031991
0.028334 0.007318
0.060252 -0.048433
0.056273 -0.046530
0.057326 -0.054202
0.098801 -0.127036
0.057253 -0.062678
0.025935 0.085629
0.053147 0.141425
0.027776 0.051603
0.015357 0.064755
0.004506 0.084194
0.002673 0.095992
0.007467 0.079330
0.016736 0.052309
0.020202 0.021992
0.024059 0.026011
0.024324 0.010071
0.035481 -0.015556
0.054839 -0.037873
0.060260 -0.012070
0.061510 -0.020538
0.054500 -0.006976
0.057353 0.008446
0.072864 -0.028324
0.077387 -0.031470
0.115204 -0.078984
0.115206 -0.072116
0.128016 -0.100579
0.123624 -0.113224
0.122740 -0.113636
0.097992 -0.090828
0.099276 -0.095585
0.100388 -0.078344
0.111454 -0.081604
0.115180 -0.082906
0.127799 -0.094256
0.110924 -0.096071
0.096697 -0.100644
0.111529 -0.085557
0.108240 -0.090881
0.100755 -0.069759
0.091085 -0.070132
0.116764 0.105838
0.077487 0.104092
0.073952 0.083818
0.067818 -0.010767
0.048108 0.081057
0.049003 0.083853
0.043039 0.113476
0.023242 0.045628
0.021569 0.048528
0.022465 0.057358
0.009361 0.032358
-0.000801 0.034092
-0.009493 0.039618
-0.015169 0.051322
-0.025566 0.058930
-0.040151 0.099354
-0.048109 0.090837
-0.050158 0.100931
-0.054154 0.100521
-0.059936 0.105091
-0.054520 0.075925
-0.060673 0.075317
-0.064645 0.077430
-0.062454 0.076537
-0.067867 0.073776
-0.067023 0.061829
-0.078381 0.052561
-0.079852 0.043154
-0.082632 0.039800
-0.090775 0.022481
-0.112641 0.026262
-0.120910 0.015827
-0.126106 0.002285
-0.114306 -0.048075
-0.128269 -0.064254
-0.139861 -0.075557
-0.139287 -0.074140
-0.133888 -0.069928
-0.121606 -0.085155
-0.115400 -0.104628
-0.114334 -0.099212
-0.107961 -0.096487
-0.106266 -0.108793
-0.101282 -0.128744
-0.089074 -0.160047
-0.091444 -0.156784
-0.095689 -0.125337
-0.089451 -0.108099
-0.086482 -0.120701
-0.079456 -0.119421
-0.077733 -0.113489
-0.074172 -0.090806
-0.068897 -0.086589
-0.073290 -0.087427
-0.071471 -0.086299
-0.068537 -0.070805
-0.070981 -0.095601
-0.068556 -0.092991
-0.074904 -0.098058
-0.073911 -0.061597
-0.075154 -0.072512
-0.093485 -0.039764
-0.110790 0.031464
-0.114969 0.046038
-0.111257 0.038213
-0.105501 0.084763
-0.105762 0.114121
-0.102423 0.120014
-0.106598 0.127346
-0.115136 0.124592
-0.119034 0.141622
-0.111152 0.149552
-0.116081 0.138317
-0.110913 0.153194
-0.108660 0.145175
-0.109029 0.127706
-0.103418 0.133491
-0.101805 0.123451
-0.106424 0.134521
-0.105596 0.136505
-0.105137 0.135472
-0.100714 0.118735
-0.100153 0.115721
-0.105917 0.117492
-0.105534 0.147625
-0.103468 0.137875
-0.103501 0.154173
-0.107746 0.119829
-0.099187 0.107690
-0.095056 0.096272
-0.101381 0.104993
-0.102408 0.093055
-0.100001 0.043538
-0.110797 0.035810
-0.109590 0.054352
-0.080649 -0.098483
-0.068563 -0.130523
-0.056309 -0.129129
-0.052214 -0.115624
-0.067127 -0.067771
-0.063335 -0.090264
-0.062343 -0.076673
-0.072692 -0.003732
-0.055657 -0.105225
-0.066569 -0.058265
-0.056678 -0.041920
-0.064472 -0.045108
-0.089540 0.016916
-0.082464 0.065587
-0.071178 0.069577
-0.073082 0.093548
-0.073934 0.082140
-0.064421 0.055247
-0.067052 0.051507
-0.074173 0.062652
-0.077112 0.085345
-0.076325 0.098574
-0.072047 0.106827
-0.080351 0.114353
-0.080358 0.108965
-0.080224 0.102015
-0.082473 0.122754
-0.085908 0.144417
-0.082082 0.174275
-0.082233 0.141277
-0.083662 0.178882
-0.078946 0.190828
-0.079889 0.196449
-0.079767 0.199682
-0.081138 0.202596
-0.075796 0.210716
-0.082986 0.201637
-0.082707 0.168932
-0.082607 0.167667
-0.083400 0.169931
-0.083024 0.159031
-0.078097 0.122239
-0.077163 0.097597
-0.067731 0.063407
-0.071463 0.085187
-0.080690 0.098880
-0.078896 0.116214
-0.072736 0.098863
-0.065797 0.099544
-0.047075 0.077240
-0.041332 0.060298
-0.042811 0.056944
-0.043418 0.066944
-0.026767 0.036779
-0.025761 0.024963
-0.036007 0.042419
-0.032770 0.035183
-0.029666 0.029820
-0.024578 0.017942
-0.026324 0.046485
-0.029147 0.047190
-0.025355 0.038485
-0.032170 0.067960
-0.027108 0.071854
-0.026649 0.077735
-0.024156 0.054167
-0.012413 0.060035
-0.012715 0.066573
-0.014829 0.058903
-0.014390 0.068573
-0.013234 0.079930
-0.014419 0.131958
-0.014504 0.140767
-0.017240 0.139397
-0.013631 0.124974
-0.010801 0.101660
-0.013091 0.102643
-0.016631 0.117934
-0.016926 0.103963
-0.014389 0.108362
-0.015616 0.136548
-0.013237 0.147079
-0.009075 0.127099
-0.007663 0.133021
-0.001821 0.128228
-0.003397 0.133212
-0.004728 0.115681
-0.001113 0.123966
-0.002986 0.114234
-0.004117 0.118599
-0.000695 0.088179
0.001072 0.087702
0.007563 0.073241
0.004494 0.070995
0.006582 0.062486
0.008278 0.084814
0.008454 0.079581
0.007973 0.074159
0.015602 0.099040
0.024819 0.096172
0.016555 0.084413
0.029633 0.080870
0.059138 0.147860
0.055851 0.140564
0.057293 0.127350
0.053500 0.101822
0.086107 0.096528
0.100508 0.132687
0.101929 0.143042
0.107549 0.132718
0.115471 0.144266
0.137072 0.121603
0.118513 0.135382
0.127920 0.123256
0.112321 0.138209
0.122945 0.147080
0.152385 0.106469
0.146655 0.086300
0.162773 -0.071464
0.176278 -0.058487
0.159475 -0.084061
0.154417 -0.094755
0.136321 -0.080583
0.152648 -0.065160
0.151522 -0.080538
0.146373 -0.088266
0.144629 -0.089256
0.147856 -0.093337
0.138064 -0.094062
0.146084 -0.104477
0.158217 -0.109005
0.130915 -0.110850
0.099909 -0.104549
0.105597 -0.107792
0.104938 -0.121973
0.107373 -0.115399
0.095041 -0.106289
0.113720 -0.132771
0.107081 -0.124224
0.096100 -0.103190
0.084371 -0.106188
0.074430 -0.088680
0.100816 -0.122623
0.095736 -0.115616
0.080384 -0.101090
0.077802 -0.096044
0.076285 -0.097957
0.078150 -0.106803
0.088341 -0.117721
0.101264 -0.143501
0.106189 -0.149025
0.101824 -0.141889
0.105842 -0.149923
0.104055 -0.156342
0.107315 -0.159544
0.098350 -0.158605
0.092461 -0.153018
0.092448 -0.145238
0.094125 -0.145395
0.112074 -0.182931
0.103444 -0.164348
0.111762 -0.166647
0.107279 -0.158440
0.105648 -0.150574
0.108489 -0.142871
0.126390 0.135107
0.071309 -0.107271
0.063295 -0.066067
0.060592 -0.070563
0.067938 -0.095510
0.041719 0.036679
0.032864 0.049643
0.024054 0.032854
0.024697 0.029222
0.031548 -0.008868
0.032216 0.010724
0.031826 0.033818
0.032089 0.056963
0.032494 0.067854
0.034751 0.058085
0.038458 0.057748
0.047497 0.050824
0.048701 0.053163
0.045043 0.058057
0.049682 0.056893
0.057635 0.083111
0.052956 0.085991
0.050841 0.092055
0.055781 0.087184
0.066392 0.098603
0.065387 0.105697
0.057943 0.120649
0.061949 0.118404
0.069311 0.117160
0.062173 0.088777
0.067119 0.082939
0.069944 0.074468
0.063103 0.059135
0.060468 0.052384
0.063505 0.043672
0.072637 0.021819
0.080156 0.002738
0.084278 0.015297
0.089714 0.017671
0.098617 0.037761
0.104523 0.020268
0.108749 0.004518
0.103092 0.006760
0.102718 -0.000085
0.088831 -0.001719
0.109277 -0.003564
0.122885 -0.003517
0.097557 -0.033347
0.129746 -0.051237
0.096780 -0.012221
0.073530 -0.043677
0.060445 -0.037680
0.068902 -0.089494
0.049161 -0.072434
0.044681 -0.075434
0.049963 -0.088903
0.048896 -0.103127
0.041284 -0.109482
0.020508 -0.085515
0.020110 -0.090234
0.023501 -0.117229
0.013772 -0.082948
0.009171 -0.099714
-0.003207 -0.086976
-0.013450 -0.081402
-0.016834 -0.066305
-0.017949 -0.045820
-0.032062 -0.047752
-0.037821 -0.044769
-0.047121 -0.041730
-0.056964 -0.063422
-0.067584 -0.048788
-0.065699 -0.077746
-0.085868 -0.056605
-0.096898 -0.078541
-0.113008 -0.064942
-0.114643 -0.055750
-0.116233 -0.052929
-0.111776 -0.026511
-0.101726 -0.045738
-0.103428 -0.037513
-0.100668 -0.070539
-0.101985 -0.034070
-0.096363 -0.021811
-0.094116 -0.002062
-0.105953 0.025486
-0.118956 0.058489
-0.119499 0.069097
-0.105643 0.039150
-0.100459 0.046898
-0.098314 0.034138
-0.093262 0.024224
-0.104427 0.055673
-0.100393 0.020807
-0.092835 0.025757
-0.089154 0.032981
-0.075504 0.012815
-0.077033 -0.008594
-0.071053 -0.055350
-0.071320 -0.114511
-0.074674 -0.087002
-0.063462 -0.096323
-0.063940 -0.057442
-0.058358 -0.073241
-0.062789 -0.049980
-0.067128 -0.030031
-0.063555 -0.034309
-0.065357 -0.011547
-0.052288 -0.031743
-0.049977 -0.048785
-0.046922 -0.051019
-0.044784 -0.052985
-0.037025 -0.061615
-0.036141 -0.058372
-0.038094 -0.049323
-0.037284 -0.053608
-0.029657 -0.069536
-0.029541 -0.062328
-0.026719 -0.073118
-0.031700 -0.060972
-0.029129 -0.031544
-0.030840 -0.030873
-0.032599 -0.038324
-0.033493 -0.030520
-0.033381 -0.022905
-0.034588 -0.021003
-0.035533 -0.028489
-0.035900 -0.036227
-0.034003 -0.008904
-0.033780 0.002079
-0.041793 -0.002827
-0.042331 0.021556
-0.034902 0.019407
-0.030302 0.013445
-0.020495 -0.010122
-0.022216 -0.031445
-0.028460 0.003641
-0.027488 0.010860
-0.029755 -0.011748
-0.030054 0.027274
-0.031537 0.057960
-0.034113 0.072360
-0.037205 0.072485
-0.042353 0.076339
-0.039270 0.086848
-0.035510 0.080152
-0.042022 0.127090
-0.041921 0.106516
-0.041121 0.083125
-0.032662 0.071727
-0.025036 0.036418
-0.014841 0.002710
-0.009716 -0.022537
-0.007037 0.000148
-0.005303 -0.023849
-0.005270 -0.021344
-0.011401 -0.034320
-0.015693 -0.010683
-0.009899 -0.019812
-0.010722 -0.010709
-0.020776 0.020713
-0.011192 -0.027128
-0.009462 -0.063984
-0.011116 -0.055218
-0.018931 -0.037339
-0.028064 -0.024612
-0.022745 -0.062745
-0.018692 -0.109131
-0.016441 -0.090441
-0.002399 -0.128333
0.011896 -0.171730
0.012818 -0.174875
0.015813 -0.171327
0.021006 -0.175239
0.013288 -0.168510
0.008798 -0.161785
0.014711 -0.160761
0.013634 -0.140720
0.011272 -0.118957
-0.002955 -0.057745
-0.005772 -0.014649
-0.006472 -0.094576
-0.004178 -0.100616
-0.001812 -0.083357
-0.007002 -0.061704
0.008265 -0.092176
-0.018630 0.085590
0.003964 -0.046749
-0.007076 0.139253
-0.004360 0.165540
0.007842 0.144870
0.020973 0.164526
0.014594 0.169970
0.002441 0.185951
0.004414 0.162068
0.017101 0.164700
0.032026 0.176040
0.038900 0.173396
0.056790 0.190759
0.034800 0.169893
0.023026 0.153107
0.024897 0.156425
0.021827 0.157678
0.027221 0.173736
0.027644 0.157101
0.040701 0.140419
0.020545 0.107115
0.012420 0.085788
0.033932 0.064951
0.061651 -0.054589
0.064020 -0.052541
0.052485 -0.037341
0.036385 0.000408
0.034711 -0.012009
0.031384 -0.005986
0.030661 0.007779
0.031350 -0.019818
0.032352 -0.020139
0.034222 -0.014076
0.027403 -0.015937
0.026681 -0.009052
0.030029 -0.019048
0.029257 -0.009050
0.040538 -0.034140
0.048668 -0.067069
0.041872 -0.062132
0.039097 -0.042959
0.038773 -0.042218
0.032599 -0.036295
0.037586 -0.041512
0.039290 -0.027881
0.036530 -0.031385
0.043473 -0.035740
0.038163 -0.012556
0.045463 -0.032216
0.044067 -0.011880
0.048774 -0.024201
0.056692 -0.067067
0.041753 -0.037147
0.029083 0.039547
0.041176 -0.020706
0.052526 -0.045926
0.049789 -0.021752
0.067733 -0.070899
0.078115 -0.093731
0.056353 -0.072570
0.045878 -0.026641
0.044491 -0.010403
0.047885 -0.028610
0.055185 -0.014690
0.049348 -0.000318
0.046367 0.018786
0.042757 0.028404
0.033331 0.063068
0.030724 0.087470
0.025545 0.070242
0.026118 0.045797
0.025815 0.069160
0.030253 0.078002
0.025932 0.104188
0.024370 0.112280
0.031570 0.123821
0.030903 0.120314
0.036818 0.092392
0.031367 0.105617
0.024004 0.081019
0.031808 0.113859
0.033265 0.124961
0.036857 0.108548
0.035464 0.077250
0.037213 0.087615
0.036703 0.113700
0.032430 0.088134
0.034822 0.086876
0.035292 0.080594
0.036524 0.091172
0.036780 0.084078
0.040224 0.107184
0.047662 0.091435
0.044562 0.100878
0.045438 0.078901
0.050751 0.048764
0.056490 0.012268
0.077344 -0.017313
0.083150 -0.043403
0.105101 -0.061035
0.113413 -0.068440
0.114496 -0.068463
0.123331 -0.100984
0.132916 -0.129231
0.126935 -0.141738
0.127740 -0.145801
0.112842 -0.139521
0.122952 -0.143979
0.129643 -0.144813
0.135299 -0.142340
0.143972 -0.142001
0.152369 -0.143233
0.156734 -0.144334
0.153667 -0.142960
0.147621 -0.140854
0.141255 -0.143552
0.161497 -0.138403
0.159702 -0.129486
0.154495 -0.123921
0.159310 -0.133182
0.170819 -0.128348
0.161578 -0.126046
0.140720 -0.112937
0.130477 -0.099898
0.128069 -0.083348
0.103489 -0.047705
0.093077 -0.021882
0.093812 -0.027656
0.088878 0.048397
0.082369 0.093960
0.068976 0.093798
0.063715 0.066563
0.065263 0.079555
0.067378 0.099779
0.073681 0.119432
0.085062 0.127328
0.098746 0.140255
0.094601 0.104251
0.093887 0.097407
0.082976 0.084591
0.081901 0.072465
0.074628 0.035841
0.081791 0.009383
0.083262 0.014119
0.073998 0.037405
0.076562 0.050653
0.059357 0.038489
0.057173 0.025732
0.060509 0.027812
0.054975 0.046623
0.051864 0.042923
0.058991 0.058671
0.065084 0.060182
0.105242 0.077380
0.108392 0.074735
0.115127 0.086013
0.120390 0.074590
0.125401 0.094333
0.145109 0.073739
0.151973 0.072887
0.153912 0.057149
0.165126 0.037406
0.151604 -0.001391
0.154346 -0.057129
0.132890 -0.044449
0.086395 -0.025570
0.107169 -0.039312
0.090989 -0.037696
0.072557 -0.031438
0.061635 -0.041810
0.039982 -0.001512
0.038350 0.011256
0.010770 0.055334
0.002450 0.051102
0.015232 -0.020131
0.008807 -0.036587
0.034911 -0.115088
0.015183 -0.129035
-0.004051 -0.121733
-0.008457 -0.117327
-0.023155 -0.097655
-0.015984 -0.115361
-0.014777 -0.117508
-0.024811 -0.104625
-0.037787 -0.083376
-0.040942 -0.093177
-0.044223 -0.089904
-0.053907 -0.108249
-0.066624 -0.082803
-0.062637 -0.100035
-0.075817 -0.103430
-0.074684 -0.079771
-0.064195 -0.040582
-0.063774 -0.039836
-0.061757 -0.064412
-0.064429 -0.082326
-0.061709 -0.096168
-0.066362 -0.098696
-0.065378 -0.080991
-0.058764 -0.048720
-0.056904 -0.047464
-0.058602 -0.028530
-0.062748 -0.032725
-0.056099 -0.036046
-0.058254 -0.036964
-0.056850 -0.029994
-0.058497 -0.011229
-0.061170 -0.008479
-0.064150 0.005483
-0.057693 -0.007826
-0.056675 -0.005936
-0.059422 0.004960
-0.055979 -0.003371
-0.056707 0.000449
-0.051003 -0.007387
-0.052518 0.004050
-0.053339 0.020179
-0.056252 0.020981
-0.054743 0.014800
-0.059991 0.032348
-0.054846 0.024949
-0.060077 0.017119
-0.055802 0.008429
-0.059850 0.010012
-0.071467 0.038685
-0.058809 0.030377
-0.058678 0.051971
-0.062377 0.062918
-0.051920 0.040223
-0.040060 0.010151
-0.045577 0.027082
-0.045754 0.028404
-0.053679 0.045565
-0.055811 0.051608
-0.056685 0.064765
-0.047750 0.024430
-0.030964 -0.002977
-0.028298 -0.000250
-0.028932 -0.000884
-0.027148 0.007281
-0.020264 -0.001262
-0.024219 0.006880
-0.025096 0.010970
-0.027751 0.008990
-0.028473 0.009544
-0.030045 -0.008695
-0.034348 -0.023472
-0.033919 -0.025108
-0.031335 -0.024306
-0.029424 -0.040256
-0.025056 -0.066516
-0.027090 -0.037812
-0.025174 -0.025832
-0.023237 -0.004080
-0.027143 -0.016863
-0.021447 -0.021270
-0.024613 -0.014486
-0.021556 0.007747
-0.017383 0.018330
-0.021198 0.031049
-0.015300 0.011545
-0.009625 -0.016435
-0.011895 -0.022241
-0.011874 -0.040002
-0.009898 -0.030373
-0.014686 -0.001302
-0.017535 0.021708
-0.013823 0.005086
-0.007528 -0.074730
-0.005114 -0.070076
-0.014692 -0.054024
-0.003248 -0.103677
-0.007286 -0.079766
0.001608 -0.102620
0.000107 -0.142373
0.007639 -0.147935
0.005633 -0.128104
-0.011496 0.112816
0.021484 -0.113117
0.019742 -0.089208
0.019998 -0.099530
0.027130 -0.107731
0.028324 -0.112844
0.049870 -0.141531
0.045236 -0.117239
0.038057 -0.109179
0.036693 -0.096844
0.039619 -0.090328
0.040856 -0.100783
0.025573 -0.060565
0.019485 -0.039926
0.017919 -0.044070
0.024902 -0.044096
0.032676 -0.032338
0.028797 -0.044744
0.023657 -0.030507
0.016771 -0.011878
0.012119 0.016354
0.008480 0.042959
0.007306 0.048450
0.008299 0.057093
0.005594 0.101238
0.004222 0.110882
0.008929 0.153792
0.010693 0.168135
0.009693 0.161440
0.010697 0.164091
0.008608 0.166277
0.010179 0.174812
0.007055 0.163107
0.002535 0.167996
0.001945 0.157564
0.003709 0.170617
0.001910 0.159602
0.003969 0.182537
-0.000299 0.183422
-0.002569 0.193604
0.001361 0.167319
0.001889 0.135007
0.005555 0.125353
0.008092 0.130862
0.008421 0.132010
0.004665 0.091378
0.005966 0.071910
0.011826 0.056853
0.018338 0.067108
0.015965 0.060949
0.021862 0.053447
0.026267 0.042117
0.044150 0.005429
0.043275 0.010535
0.080149 -0.056796
0.094643 -0.063198
0.115013 -0.092220
0.117330 -0.076923
0.104435 -0.085823
0.101472 -0.077690
0.099554 -0.094353
0.115355 -0.113504
0.086848 -0.069603
0.099828 -0.071692
0.106329 -0.066363
0.110614 -0.081054
0.109806 -0.077170
0.127428 -0.097150
0.133988 -0.095174
0.141144 -0.111346
0.138112 -0.101689
0.123980 -0.091699
0.118895 -0.089670
0.095883 -0.052882
0.112738 -0.054402
0.115091 -0.051595
0.099364 -0.022556
0.076528 0.011885
0.071040 -0.003462
0.090328 -0.031725
0.093364 -0.043379
0.093190 -0.029303
0.091050 -0.023829
0.113241 -0.036557
0.098601 -0.020367
0.090596 -0.021285
0.083770 -0.013000
0.091933 -0.031226
0.088243 -0.016734
0.099263 -0.038740
0.100121 -0.018420
0.092599 -0.015744
0.101465 -0.030921
0.104099 -0.039314
0.084363 -0.019859
0.093782 -0.017116
0.095959 -0.005282
0.123444 -0.016885
0.128773 -0.035757
0.145935 -0.031411
0.142316 -0.012956
0.148982 -0.010070
0.129444 0.012177
0.145238 -0.000219
0.149360 -0.014827
0.163849 0.008341
0.177949 0.000794
0.183163 -0.020273
0.183536 -0.013459
0.192880 0.033204
0.170791 0.056690
0.164964 0.063471
0.149029 0.068037
0.165305 0.033960
0.160077 0.018411
0.176051 0.008827
0.180700 0.032610
0.179022 0.032481
0.166239 0.049974
0.159812 0.055637
0.157770 0.034096
0.129535 0.064204
0.143866 0.091319
0.140957 0.108983
0.149347 0.099226
0.159214 0.073998
0.143315 0.076337
0.124075 0.094277
0.115308 0.108354
0.103873 0.096156
0.097001 0.067026
0.099407 0.081512
0.093735 0.078673
0.084514 0.082050
0.087919 0.102811
0.086019 0.087080
0.082182 0.097211
0.074759 0.091549
0.072683 0.087308
0.063439 0.068040
0.072983 0.070464
0.068048 0.062821
0.083878 0.067296
0.074669 0.057666
0.074809 0.064452
0.067004 0.076662
0.064113 0.071721
0.068003 0.086398
0.075423 0.089694
0.074484 0.095464
0.082644 0.102818
0.086539 0.093086
0.076403 0.081465
0.076182 0.088015
0.079059 0.103163
0.074213 0.109264
0.077716 0.114232
0.086989 0.098355
0.099403 0.098438
0.105662 0.096679
0.110450 0.108123
0.122078 0.097616
0.127190 0.098644
0.119464 0.081372
0.134208 0.102225
0.133590 0.113360
0.146732 0.111410
0.154017 0.104385
0.153746 0.116144
0.157609 0.104461
0.161798 0.121789
0.158305 0.113484
0.147674 0.113696
0.155645 0.133350
0.162441 0.125558
0.170641 0.107482
0.174569 0.095231
0.177328 0.069480
0.170198 0.054937
0.168929 0.060915
0.150994 0.066622
0.157312 0.060552
0.147373 0.072294
0.172242 0.068072
0.188748 0.054404
0.200166 0.028620
0.211241 0.014079
0.196228 0.047125
0.181513 0.055822
0.166061 0.073884
0.183787 0.071457
0.159774 0.085424
0.163917 0.066253
0.167193 0.064704
0.158634 0.029198
0.163337 0.068025
0.158335 0.097994
0.119074 0.111703
0.074472 0.073578
0.059419 0.076986
0.052150 0.026371
0.068562 -0.067618
0.026847 -0.023697
0.030406 -0.072092
-0.001464 0.007582
-0.024443 0.090347
-0.034371 0.118845
-0.044422 0.125056
-0.051075 0.102813
-0.050434 0.082542
-0.076794 0.075214
-0.075279 0.066310
-0.087730 0.067129
-0.092635 0.071669
-0.102827 0.075027
-0.093467 0.063172
-0.092321 0.059468
-0.093553 0.052376
-0.095323 0.052976
-0.107735 0.062354
-0.102668 0.061031
-0.106202 0.063604
-0.113792 0.062422
-0.121544 0.060135
-0.121207 0.079947
-0.114118 0.049071
-0.112798 0.059978
-0.112661 0.033402
-0.110813 0.059050
-0.091228 0.050793
-0.094926 0.072612
-0.078246 0.036555
-0.084369 0.050662
-0.082115 0.082197
-0.078647 0.092221
-0.064016 0.072737
-0.067527 0.031215
-0.048108 -0.076298
-0.049704 -0.076864
-0.073461 0.055282
-0.071930 0.071358
-0.060608 0.063593
-0.035737 -0.078155
-0.061616 0.083880
-0.058902 0.099581
-0.063352 0.139918
-0.054325 0.127466
-0.052457 0.120345
-0.042805 0.080369
-0.032897 0.134552
-0.025999 0.082643
-0.010000 -0.109916
-0.015566 -0.070083
-0.016263 -0.018622
-0.002753 -0.055851
-0.006751 -0.038257
-0.005785 -0.037281
-0.002229 -0.040388
0.003997 -0.066784
0.003189 -0.061716
-0.000303 -0.064565
0.002537 -0.050827
0.010955 -0.083350
0.024030 -0.119865
0.027691 -0.151660
0.034030 -0.168132
0.037035 -0.158978
0.032901 -0.130999
0.035639 -0.119780
0.044611 -0.154741
0.055690 -0.165436
0.064672 -0.175324
0.056665 -0.181354
0.045179 -0.184660
0.048087 -0.183758
0.048778 -0.176848
0.048702 -0.178933
0.046463 -0.174072
0.060663 -0.172475
0.060993 -0.176721
0.060710 -0.174982
0.060792 -0.170578
0.067767 -0.167794
0.074505 -0.155027
0.063832 -0.147040
0.065651 -0.142647
0.058667 -0.133415
0.072612 -0.140004
0.045572 -0.092287
0.055277 -0.105262
0.051287 -0.086000
0.039834 -0.075167
0.040973 -0.071923
0.047649 -0.081529
0.042803 -0.059466
0.034280 -0.041173
0.049357 -0.082112
0.047988 -0.087336
0.052266 -0.086570
0.045855 -0.062594
0.033790 -0.048021
0.036149 -0.071956
0.042266 -0.068170
0.059336 -0.081579
0.095308 0.114187
0.064706 -0.090093
0.068274 -0.048991
0.052270 -0.018092
0.030869 0.018834
0.016858 0.040849
0.007566 0.086074
0.011498 0.121400
0.013906 0.100510
0.007005 0.077128
0.013358 0.092749
0.010132 0.099345
0.014578 0.108179
0.012555 0.113642
0.014531 0.093554
0.009957 0.100588
0.009930 0.105189
0.018808 0.097537
0.021357 0.121398
0.024330 0.136268
0.022716 0.098672
0.022817 0.093873
0.023157 0.098286
0.020920 0.103840
0.015197 0.115703
0.017211 0.130925
0.020651 0.129760
0.019093 0.130523
0.024316 0.108858
0.027710 0.095811
0.034773 0.114555
0.036097 0.118684
0.039799 0.100565
0.047813 0.104007
0.051614 0.096630
0.048715 0.073550
0.060177 0.060357
0.059934 0.048851
0.061230 0.039153
0.080085 0.035575
0.064781 0.036030
0.072988 0.029644
0.072375 0.067226
0.092633 0.072842
0.089184 0.067208
0.093855 0.082770
0.112762 0.082316
0.120378 0.088934
0.109112 0.070155
0.109693 0.068807
0.110280 0.097687
0.125021 0.107308
0.127698 0.092181
0.124736 0.065255
0.134036 0.042981
0.132886 0.039475
0.101223 -0.003134
0.148882 -0.024043
0.127753 0.006885
0.107557 0.038996
0.101430 0.065019
0.078190 0.058003
0.073533 0.059332
0.065883 0.039520
0.071160 0.054125
0.080272 0.060232
0.063100 0.040054
0.074232 0.049141
0.085453 0.058481
0.078575 0.053132
0.081703 0.057613
0.096493 0.053480
0.105184 0.005823
0.100832 0.000386
0.108108 -0.014967
0.120841 -0.033118
0.119761 -0.050115
0.123568 -0.065586
0.137181 -0.079429
0.131828 -0.066511
0.146005 -0.069541
0.134381 -0.060220
0.114342 -0.027791
0.106146 -0.014552
0.112277 -0.026542
0.102462 -0.030170
0.108017 -0.028950
0.110669 -0.029331
0.118323 -0.048740
0.124777 -0.049474
0.135251 -0.068517
0.150623 -0.083193
0.156380 -0.088728
0.140854 -0.069319
0.154413 -0.096158
0.143371 -0.075692
0.147659 -0.073736
0.124281 -0.057321
0.112693 -0.033313
0.118848 -0.021884
0.115700 -0.018689
0.128841 -0.015128
0.111646 -0.016244
0.115903 -0.023929
0.122175 -0.008715
0.117046 -0.008323
0.114445 0.020926
0.109791 0.053132
0.110185 0.044566
0.093555 0.045886
0.095266 0.049426
0.113625 0.038523
0.111477 0.035964
0.110751 0.034810
0.106873 0.039435
0.120508 0.032881
0.110786 0.048079
0.100022 0.041732
0.087908 0.036693
0.095905 0.039583
0.103246 0.054922
0.096231 0.074322
0.089960 0.068607
0.095421 0.070613
0.086626 0.073374
0.089461 0.055834
0.086491 0.053972
0.086407 0.054350
0.080001 0.031080
0.079149 0.022055
0.092285 0.020133
0.096194 0.020047
0.100278 0.028281
0.094201 0.040221
0.107524 0.028449
0.108362 0.033771
0.101276 0.033271
0.107040 0.018992
0.103633 0.024130
0.121869 0.021030
0.119442 0.021265
0.089753 0.024859
0.086929 0.026825
0.093589 0.010917
0.095015 0.011394
0.087143 0.019011
0.097147 0.015281
0.094852 0.031750
0.090997 0.037367
0.101353 0.024300
0.093478 0.027870
0.100116 0.011181
0.095934 0.021529
0.105721 0.006672
0.093837 0.011800
0.105388 0.015791
0.097679 0.023745
0.101115 0.013866
0.099469 0.022468
0.092565 0.029620
0.083169 0.038127
0.083462 0.043579
0.079073 0.042041
0.084623 0.037410
0.088601 0.044710
0.093212 0.047942
0.100688 0.052043
0.105104 0.053946
0.100666 0.049967
0.103076 0.041771
0.105172 0.041851
0.124469 0.042056
0.133905 0.031403
0.140570 0.038249
0.146536 0.029876
0.144558 0.028281
0.134050 0.034012
0.146021 0.042777
0.155665 0.042608
0.138567 0.055555
0.134157 0.036471
0.126655 0.055783
0.121678 0.051716
0.123897 0.081201
0.128434 0.077383
0.123075 0.114561
0.112094 0.111866
0.111159 0.121189
0.100511 0.110400
0.102317 0.084756
0.085854 0.046310
0.065002 0.015649
0.047288 0.028498
0.041473 0.047571
0.029922 0.047900
0.045440 -0.052125
0.033101 -0.077000
-0.002026 0.017885
0.007028 -0.079658
0.000151 -0.063004
-0.017395 -0.068189
-0.042178 0.016285
-0.065915 0.017260
-0.074371 0.018682
-0.102433 0.050648
-0.091123 0.030103
-0.110713 0.009724
-0.128005 -0.011509
-0.131307 -0.034548
-0.139054 -0.049172
-0.153009 0.030346
-0.151606 -0.020874
-0.153762 -0.058714
-0.154376 -0.068583
-0.146558 -0.094180
-0.119675 -0.156735
-0.110684 -0.163153
-0.106544 -0.193420
-0.119498 -0.166564
-0.136412 -0.097891
-0.139882 -0.062162
-0.140850 -0.017862
-0.120008 -0.084514
-0.112072 -0.099706
-0.118729 -0.091746
-0.122834 -0.070473
-0.131096 -0.090130
-0.156065 -0.032324
-0.131994 -0.120299
-0.173050 0.089824
-0.173072 0.091618
-0.170681 0.095867
-0.175747 0.083968
-0.164540 0.099319
-0.164900 0.107648
-0.180299 0.114128
-0.160330 0.103725
-0.174393 0.088330
-0.174369 0.096557
-0.176895 0.106031
-0.081194 -0.173608
-0.156713 0.098048
-0.136431 0.147829
-0.136075 0.166531
-0.131594 0.164336
-0.124084 0.175128
-0.123424 0.159734
-0.116478 0.182970
-0.111971 0.201218
-0.115077 0.198841
-0.127653 0.185114
-0.125760 0.180657
-0.118037 0.162509
-0.125765 0.123056
-0.118199 0.124209
-0.105270 0.096239
-0.111404 0.088543
-0.089727 0.037905
-0.091448 0.074983
-0.101680 0.084316
-0.098143 0.080658
-0.110970 0.067009
-0.110161 0.080706
-0.108665 0.041263
-0.105011 0.070155
-0.092704 0.069056
-0.105153 0.100731
-0.100772 0.133352
-0.112864 0.108418
-0.112086 0.112249
-0.097696 0.100174
-0.100660 0.097842
-0.108483 0.083452
-0.110255 0.068766
-0.096224 0.065394
-0.100768 0.030461
-0.077210 0.006774
-0.055053 -0.095319
-0.053853 -0.097559
-0.052486 -0.063975
-0.069727 0.020968
-0.048445 -0.040860
-0.054753 0.004065
-0.053727 0.060538
-0.053486 0.060042
-0.047589 0.052164
-0.048343 0.048008
-0.040823 0.027459
-0.038936 0.056195
-0.040219 0.063968
-0.038105 0.048552
-0.047014 0.079023
-0.045317 0.070768
-0.034575 0.049811
-0.038710 0.094473
-0.040156 0.102794
-0.041918 0.097699
-0.041293 0.098560
-0.030213 0.126212
-0.035384 0.138893
-0.028463 0.105447
-0.024013 0.069413
-0.015886 0.062711
-0.009096 0.042398
-0.016580 0.071697
-0.016393 0.097010
-0.017701 0.119560
-0.020796 0.115750
-0.024946 0.118689
-0.026678 0.119554
-0.023554 0.136792
-0.023069 0.132449
-0.027642 0.132440
-0.029783 0.116700
-0.032381 0.113426
-0.032607 0.105898
-0.038105 0.112295
-0.033767 0.109359
-0.033365 0.100381
-0.039034 0.116258
-0.034322 0.122798
-0.039411 0.128780
-0.034396 0.130464
-0.041322 0.142519
-0.051687 0.144938
-0.053777 0.149688
-0.048925 0.139892
-0.047773 0.161243
-0.045987 0.152203
-0.044092 0.149953
-0.046789 0.154541
-0.046358 0.164176
-0.048744 0.170144
-0.048495 0.162628
-0.045354 0.172321
-0.052316 0.172626
-0.055965 0.150260
-0.049770 0.168976
-0.040755 0.178604
-0.039228 0.179646
-0.037816 0.176853
-0.039969 0.179895
-0.034784 0.185342
-0.025298 0.198999
-0.017877 0.217978
-0.007626 0.219901
-0.002474 0.225424
-0.003465 0.220405
0.004376 0.225357
0.004967 0.204278
0.007255 0.196652
0.024461 0.199471
0.019698 0.200212
0.022844 0.206883
0.021040 0.207823
0.024830 0.208575
0.020451 0.205225
0.026534 0.197584
0.028024 0.192753
0.031372 0.195840
0.043309 0.184067
0.043694 0.191014
0.052653 0.177565
0.049136 0.184986
0.050121 0.192288
0.047860 0.205484
0.061103 0.201279
0.061016 0.198629
0.055955 0.173334
0.069902 0.177919
0.077622 0.166149
0.083997 0.169870
0.086504 0.132834
0.071519 0.115643
0.060381 0.069993
0.073175 -0.029578
0.073730 -0.024794
0.097879 -0.062696
0.111864 -0.069562
0.121452 -0.082075
0.129058 -0.089617
0.104022 -0.075411
0.112578 -0.108740
0.113316 -0.096003
0.115180 -0.104694
0.101233 -0.089870
0.109387 -0.099906
0.116817 -0.107416
0.102972 -0.105753
0.084309 -0.083499
0.088930 -0.085614
0.087249 -0.089112
0.092382 -0.109332
0.099689 -0.111475
0.087824 -0.105190
0.121622 -0.142100
0.109783 -0.126717
0.135912 -0.137513
0.143024 -0.135338
0.119030 -0.121131
0.096150 -0.093609
0.120302 -0.121220
0.098214 0.122872
0.107236 0.125025
0.100704 0.127559
0.067092 0.127157
0.056480 0.125838
0.066127 0.160810
0.051980 0.156285
0.047827 0.168246
0.045081 0.142545
0.057456 0.155158
0.069316 0.170886
0.063948 0.157175
0.066043 0.155937
0.062485 0.159004
0.057596 0.163847
0.047981 0.159186
0.055703 0.163405
0.061392 0.146814
0.057889 0.155353
0.063526 0.159540
0.068271 0.164330
0.062230 0.149259
0.068916 0.140233
0.079714 0.136755
0.088029 0.139660
0.071581 0.132269
0.061360 0.118677
0.066039 0.107981
0.082312 0.123122
0.080200 0.114052
0.095373 0.092615
0.089685 0.050891
0.089343 0.080946
0.116529 -0.012675
0.136056 -0.051612
0.129419 -0.062820
0.135579 -0.074336
0.145638 -0.080961
0.146250 -0.067213
0.127131 -0.056549
0.129193 -0.027447
0.131605 -0.002016
0.119756 -0.027793
0.119929 -0.026690
0.125606 -0.032009
0.148607 -0.060898
0.139387 -0.054854
0.129596 -0.040350
0.143750 -0.062364
0.136184 -0.047190
0.135188 -0.040379
0.139160 -0.036624
0.138731 -0.044926
0.138689 -0.046800
0.145821 -0.049962
0.147070 -0.049761
0.164281 -0.058033
0.167835 -0.056535
0.166898 -0.068721
0.168881 -0.067486
0.170574 -0.061762
0.168461 -0.042788
0.173033 -0.048596
0.168411 -0.036459
0.168091 -0.029754
0.184768 -0.027958
0.186568 -0.008888
0.183054 -0.011394
0.167766 0.006593
0.185646 0.007294
0.170244 -0.006334
0.161340 -0.014205
0.161674 -0.001345
0.165130 -0.024971
0.153558 -0.029399
0.158790 -0.021348
0.178485 -0.043551
0.171772 -0.030345
0.159341 -0.001390
0.151497 -0.003891
0.159460 -0.013710
0.148631 -0.008807
0.148724 -0.013081
0.132308 -0.015582
0.126117 0.002068
0.125598 -0.016092
0.125066 -0.035097
0.105524 -0.018535
0.102821 0.013535
0.079985 0.029504
0.074164 0.051767
0.073082 0.035643
0.062160 0.065812
0.070985 0.065971
0.057380 0.070311
0.048949 0.110667
0.042740 0.125860
0.033014 0.076388
0.030919 0.004932
0.039067 -0.052809
0.047876 -0.066322
0.021891 -0.061993
0.028051 -0.083661
0.012974 -0.104268
0.002373 -0.093843
-0.016855 -0.099417
-0.028795 -0.094567
-0.017186 -0.118094
-0.008916 -0.120685
-0.005330 -0.130100
0.006046 -0.136512
-0.004302 -0.108002
0.001365 -0.131553
0.005184 -0.118702
0.054842 -0.147714
0.054791 -0.135666
0.053407 -0.122197
0.060735 -0.140327
0.044100 -0.132535
0.048862 -0.131196
0.054447 -0.138284
0.046029 -0.133234
0.055075 -0.143320
0.047278 -0.142453
0.051677 -0.174369
0.051169 -0.170842
0.054058 -0.170767
0.071714 -0.172996
0.074441 -0.169660
0.065694 -0.158063
0.063845 -0.160817
0.062591 -0.159874
0.073943 -0.174586
0.077704 -0.169384
0.075174 -0.166180
0.078355 -0.158183
0.078313 -0.169338
0.072424 -0.158778
0.083347 -0.176307
0.083885 -0.174155
0.066571 -0.151674
0.065261 -0.150224
0.068342 -0.140412
0.063338 -0.153097
0.068677 -0.162466
0.067859 -0.149060
0.063794 -0.156255
0.059271 -0.149572
0.048475 -0.125746
0.047321 -0.114036
0.026724 -0.080245
0.025118 -0.066687
0.033353 -0.085219
0.035655 -0.088222
0.038877 -0.086287
0.048851 -0.108292
0.026733 -0.052790
0.017924 -0.025666
0.016162 -0.010026
0.025267 -0.033300
0.027694 -0.032864
0.026274 -0.006174
0.028810 -0.021279
0.025204 0.002964
0.023624 0.005986
0.021856 0.015927
0.018315 0.022992
0.022442 0.016976
0.015763 0.042570
0.032868 0.027265
0.054549 -0.009195
0.061820 -0.006837
0.050183 0.070312
0.041971 0.079074
0.026546 0.089143
0.028530 0.100909
0.030877 0.098187
0.018301 0.074401
0.024761 0.049926
0.015393 0.074613
0.018953 0.081530
0.020039 0.113504
0.025365 0.130193
0.026245 0.141662
0.025226 0.131238
0.028781 0.133287
0.030088 0.130178
0.030711 0.128413
0.034088 0.145508
0.039668 0.169548
0.036225 0.178197
0.035350 0.145756
0.030881 0.134369
0.032144 0.143020
0.033198 0.144777
0.032794 0.143491
0.036768 0.131923
0.041799 0.132935
0.041038 0.119268
0.036386 0.106279
0.033115 0.103050
0.035614 0.095261
0.037133 0.069496
0.040059 0.082284
0.045935 0.061487
0.049630 0.033523
0.053218 0.039115
0.070370 0.046746
0.070942 0.085890
0.086659 0.062356
0.108691 0.018069
0.094785 -0.023751
0.088384 -0.041129
0.092214 -0.046927
0.084431 -0.045943
0.090173 -0.049538
0.091883 -0.077740
0.095224 -0.083235
0.091840 -0.086935
0.094248 -0.085839
0.114419 -0.102275
0.104911 -0.075197
0.109955 -0.069024
0.134832 -0.103931
0.147585 -0.112140
0.151119 -0.123028
0.158829 -0.120822
0.145511 -0.103309
0.144080 -0.097855
0.125303 -0.069748
0.126931 -0.071354
0.132354 -0.082801
0.115105 -0.059895
0.126405 -0.057613
0.123880 -0.044078
0.116906 -0.004961
0.117784 -0.003478
0.130201 -0.020377
0.125532 -0.011546
0.124495 0.025698
0.106859 0.054097
0.125897 0.074960
0.132938 0.084450
0.132377 0.059515
0.128294 0.076352
0.130466 0.113434
0.109968 0.114225
0.112175 0.118701
0.108750 0.130025
0.104426 0.110671
0.104688 0.130142
0.101282 0.106021
0.094032 0.110342
0.098771 0.115143
0.093640 0.129462
0.099481 0.136543
0.101632 0.111325
0.095194 0.105364
0.099925 0.125627
0.108142 0.100941
0.108006 0.115055
0.116458 0.135422
0.117135 0.113027
0.113702 0.085155
0.118924 0.083720
0.122829 0.070055
0.127087 0.086377
0.117229 0.101327
0.115384 0.066546
0.119205 0.056764
0.110980 0.050305
0.127426 0.047004
0.120379 0.028969
0.107799 0.020844
0.125217 -0.000522
0.137787 -0.027105
0.153921 -0.032082
0.170064 -0.032959
0.173335 -0.025443
0.174992 -0.014034
0.161400 -0.028649
0.149034 -0.017450
0.152221 -0.037628
0.151632 -0.036061
0.173864 -0.061229
0.172779 -0.068333
0.169029 -0.066046
0.177679 -0.090425
0.177647 -0.093278
0.165231 -0.070007
0.160253 -0.054087
0.162500 -0.067740
0.156029 -0.051772
0.162283 -0.042418
0.153031 -0.031477
0.158350 -0.042624
0.143107 -0.030772
0.157769 -0.049894
0.157159 -0.042015
0.165707 -0.060387
0.186240 -0.086834
0.164287 -0.074184
0.158818 -0.044428
0.153301 -0.025944
0.138542 0.003066
0.130602 0.020873
0.122659 0.014679
0.116367 0.010373
0.121573 0.014132
0.123722 0.010145
0.118275 0.023043
0.130818 0.017507
0.130413 0.028359
0.146674 0.023641
0.128317 0.028944
0.122762 0.028500
0.108982 0.023969
0.121710 0.038005
0.126283 0.051753
0.130655 0.032114
0.130647 0.028652
0.144564 0.030718
0.150167 0.023601
0.156186 0.022361
0.145751 0.018888
0.144773 0.026531
0.164029 0.009989
0.151598 0.008281
0.143656 0.013763
0.165615 0.015042
0.162738 0.023308
0.173416 0.025132
0.162191 0.017915
0.148414 0.023045
0.149526 0.011312
0.163418 -0.005175
0.163835 0.001482
0.183062 -0.017685
0.188729 -0.039802
0.195143 -0.047316
0.199706 -0.047579
0.207837 -0.050844
0.221100 -0.065634
0.222305 -0.053370
0.217935 -0.050275
0.222177 -0.041967
0.221485 -0.014333
0.226396 -0.015936
0.222122 -0.029166
0.206936 -0.016027
0.203074 -0.026292
0.179223 -0.004382
0.172964 -0.005371
0.185017 -0.013221
0.208520 -0.035245
0.213748 -0.034877
0.216078 -0.033777
0.201771 -0.007967
0.210840 -0.028270
0.200180 -0.016481
0.204903 -0.017847
0.217791 -0.028725
0.239031 -0.048156
0.247596 -0.053072
0.256369 -0.050999
0.253625 -0.048941
0.249075 -0.049917
0.238660 -0.044834
0.232386 -0.032734
0.224499 -0.015133
0.221608 -0.023518
0.212340 -0.001851
0.197459 0.017295
0.192347 0.025667
0.179385 0.028033
0.169577 0.031406
0.181236 0.017132
0.176301 0.017185
0.162612 0.025014
0.150901 0.022046
0.150964 0.032059
0.153143 0.032848
0.152793 0.029875
0.151033 0.030482
0.145527 0.040478
0.146543 0.040061
0.143815 0.042585
0.130740 0.039679
0.120945 0.061259
0.114290 0.047912
0.102669 0.059873
0.101166 0.062283
0.090788 0.079685
0.094209 0.090297
0.090634 0.115815
0.076614 0.111162
0.071093 0.110790
0.065812 0.123090
0.051592 0.115443
0.046239 0.100985
0.038169 0.078894
0.036312 0.040998
0.034501 0.032405
0.026632 -0.004477
0.032173 -0.039413
0.023320 -0.034321
0.013834 -0.040176
0.010142 -0.054664
0.013990 -0.047649
0.019109 -0.043777
0.015019 -0.041649
0.014017 -0.055025
0.009079 -0.019390
0.006679 0.005030
0.011529 0.008922
0.013890 0.026297
0.007871 0.041566
0.006879 0.036875
0.015612 0.023909
0.020734 0.028357
0.027297 0.009089
0.020486 0.024895
0.023743 0.018736
0.030209 0.029203
0.035336 0.013230
0.028348 0.014354
0.034225 -0.007937
0.046024 -0.037816
0.054573 -0.049635
0.056296 -0.051289
0.044094 -0.039032
0.039400 -0.029917
0.041924 -0.025886
0.043927 -0.016858
0.041607 -0.009924
0.034775 0.004419
0.039853 0.009749
0.040723 0.032150
0.052253 -0.001925
0.053823 -0.027616
0.070833 -0.056023
0.073674 -0.042572
0.065999 -0.036985
0.072423 -0.052370
0.074005 -0.054506
0.084271 -0.079721
0.108505 -0.109217
0.135284 -0.133923
0.115682 -0.117787
0.093963 -0.098293
0.094197 -0.080991
0.096618 -0.078772
0.086394 -0.058431
0.079673 -0.072642
0.067282 -0.042559
0.089161 -0.045513
0.077718 -0.019865
0.058187 -0.004236
0.054882 0.000797
0.059574 -0.001348
0.067446 0.003026
0.061994 0.020817
0.068991 0.008042
0.071802 0.009588
0.061665 0.031802
0.074379 0.019635
0.086494 0.102518
0.091016 0.082356
0.078257 0.106188
0.075763 0.118587
0.076509 0.128165
0.074933 0.131199
0.083364 0.143830
0.079433 0.158300
0.078185 0.159179
0.055845 0.138230
0.047300 0.124654
0.045009 0.148135
0.052691 0.134545
0.050202 0.113961
0.051906 0.117261
0.056232 0.131397
0.061362 0.113918
0.072811 0.137738
0.075828 0.130905
0.079446 0.144466
0.097588 0.153255
0.089590 0.153029
0.098643 0.164032
0.104619 0.165948
0.094880 0.165590
0.090534 0.151065
0.083149 0.145550
0.079172 0.142941
0.090314 0.134358
0.092533 0.134191
0.097359 0.112697
0.102383 0.105188
0.108471 0.077178
0.088384 0.033647
0.087576 0.052961
0.088290 0.055346
0.102676 0.036662
0.109807 0.022850
0.112626 0.028456
0.121614 0.010286
0.107681 0.007510
0.111012 -0.002104
0.096517 0.016002
0.113277 0.009316
0.101312 0.003479
0.100102 0.004742
0.092646 0.000261
0.093789 -0.000881
0.084436 0.004185
0.092558 0.013121
0.078555 0.015774
0.081208 0.020140
0.076831 0.026690
0.083416 0.025766
0.083725 0.026684
0.090898 0.029017
0.095960 0.008459
0.098293 -0.006184
0.093619 0.001829
0.106976 -0.006338
0.106380 -0.015553
0.092984 -0.002091
0.091343 -0.000646
0.090865 0.002972
0.093415 -0.004185
0.115679 -0.016850
0.128192 -0.017159
0.133867 -0.016565
0.141441 -0.018156
0.143409 -0.005041
0.137900 -0.004391
0.152469 -0.013343
0.161010 -0.031569
0.166279 -0.037808
0.162295 -0.023962
0.168253 -0.022608
0.164007 -0.001746
0.167239 -0.012002
0.185003 -0.035916
0.189684 -0.047483
0.201520 -0.061416
0.194957 -0.061910
0.204856 -0.064170
0.198052 -0.059663
0.197338 -0.057548
0.201297 -0.062169
0.186362 -0.038219
0.189281 -0.029816
0.188284 -0.046538
0.190729 -0.020593
0.190490 -0.018024
0.194890 -0.016391
0.183643 0.007500
0.173317 0.006068
0.192645 -0.000019
0.174569 0.017769
0.176400 0.039950
0.175166 0.039694
0.182161 0.041123
0.176293 0.052618
0.167911 0.060893
0.170555 0.085496
0.164266 0.093102
0.158081 0.091651
0.170375 0.076459
0.165579 0.070251
0.173519 0.057411
0.166162 0.079803
0.163192 0.091104
0.169244 0.082048
0.163131 0.078115
0.168230 0.055821
0.157611 0.044861
0.156331 0.044748
0.153514 0.042330
0.142641 0.054706
0.142333 0.048301
0.132102 0.052707
0.140528 0.075173
0.131770 0.058278
0.130668 0.063554
0.136222 0.059058
0.137716 0.064934
0.157671 0.079832
0.138113 0.081741
0.139652 0.066437
0.139515 0.058328
0.143720 0.069505
0.151264 0.056842
0.146097 0.033350
0.141957 0.030398
0.149942 0.017147
0.161883 0.022737
0.174561 0.024626
0.176827 0.022904
0.170121 0.023359
0.187867 0.016059
0.206409 -0.000657
0.215026 -0.001036
0.221362 0.013492
0.232536 0.031575
0.232765 0.040947
0.225767 0.049603
0.213097 0.045865
0.215925 0.046689
0.226209 0.026167
0.227424 0.016210
0.233828 0.006584
0.249745 -0.002208
0.245832 -0.004370
0.248771 -0.003292
0.251639 -0.016103
0.265127 -0.024045
0.244682 -0.007816
0.267142 -0.018161
0.255144 0.001008
0.259064 -0.011076
0.262510 -0.023321
0.260050 0.000646
0.268721 0.025230
0.268522 0.026633
0.263114 0.045716
0.247242 0.052697
0.249868 0.066904
0.257690 0.067789
0.256772 0.069908
0.247455 0.079493
0.246952 0.081595
0.244955 0.081447
0.236397 0.075105
0.236949 0.062710
0.230207 0.072256
0.220206 0.070529
0.216339 0.087852
0.217268 0.097882
0.214482 0.116353
0.205121 0.130825
0.208760 0.133193
0.193510 0.135022
0.193259 0.137140
0.196019 0.148536
0.196127 0.158854
0.198407 0.160951
0.199377 0.162672
0.203419 0.166907
0.202257 0.164174
0.198925 0.165372
0.198438 0.153820
0.190145 0.140592
0.190541 0.143342
0.189283 0.142100
0.182335 0.120924
0.185166 0.110741
0.192619 0.093168
0.188673 0.108304
0.190536 0.099231
0.199309 0.097534
0.202750 0.101709
0.204720 0.101845
0.215459 0.107093
0.206650 0.120908
0.204251 0.110416
0.194534 0.103728
0.200080 0.096408
0.201269 0.087756
0.201589 0.070157
0.218110 0.059127
0.220573 0.050436
0.223970 0.028483
0.219380 0.037014
0.214529 0.034729
0.218236 0.036950
