-0.440866 0.254913
-0.439208 0.254009
-0.435684 0.250162
-0.430410 0.250411
-0.422461 0.247600
-0.423295 0.247121
-0.417062 0.242369
-0.418187 0.241447
-0.418321 0.239654
-0.419863 0.236982
-0.424554 0.238590
-0.421849 0.234936
-0.422004 0.231533
-0.427283 0.231005
-0.433924 0.233784
-0.427870 0.232674
-0.427408 0.232277
-0.428091 0.230113
-0.428549 0.229961
-0.429295 0.233618
-0.423760 0.231911
-0.424532 0.236601
-0.421756 0.235746
-0.418840 0.233126
-0.414034 0.229943
-0.419836 0.232316
-0.420573 0.232036
-0.422999 0.230705
-0.427606 0.234092
-0.432922 0.230630
-0.439021 0.230622
-0.436693 0.227306
-0.442585 0.224792
-0.441302 0.225746
-0.438471 0.224759
-0.439776 0.221740
-0.439617 0.221317
-0.445012 0.221747
-0.443241 0.220017
-0.445935 0.219392
-0.452555 0.219339
-0.455082 0.220123
-0.454255 0.218203
-0.454225 0.217192
-0.455395 0.221657
-0.451848 0.220450
-0.452079 0.219760
-0.448453 0.217996
-0.447952 0.216388
-0.448179 0.218694
-0.440097 0.217422
-0.449643 0.215282
-0.455800 0.214336
-0.456466 0.211041
-0.453191 0.211492
-0.457513 0.209438
-0.458669 0.207675
-0.456769 0.205264
-0.457001 0.201146
-0.454973 0.200504
-0.453320 0.200719
-0.450249 0.201704
-0.452379 0.203470
-0.447641 0.206435
-0.444918 0.208595
-0.443559 0.213237
-0.446337 0.208894
-0.450858 0.204282
-0.454167 0.201838
-0.451152 0.199525
-0.447385 0.201228
-0.448303 0.199892
-0.436414 0.205083
-0.435784 0.200477
-0.432342 0.200772
-0.435740 0.198186
-0.433915 0.196021
-0.442085 0.193335
-0.445292 0.193505
-0.436544 0.199388
-0.435171 0.200779
-0.434726 0.202138
-0.430471 0.201367
-0.437534 0.195980
-0.430589 0.196701
-0.433830 0.194276
-0.430563 0.197541
-0.428213 0.194541
-0.436712 0.186455
-0.440279 0.184847
-0.432544 0.185244
-0.437601 0.182942
-0.434511 0.184210
-0.433347 0.183833
-0.441789 0.181703
-0.444531 0.179570
-0.439791 0.180063
-0.445565 0.175014
-0.446682 0.177259
-0.451457 0.176130
-0.448672 0.170231
-0.448854 0.173770
-0.447005 0.169336
-0.448509 0.169101
-0.451445 0.173439
-0.453879 0.173079
-0.451824 0.173014
-0.450149 0.171377
-0.441659 0.173458
-0.440280 0.176517
-0.436466 0.182169
-0.437286 0.179742
-0.436757 0.181293
-0.439083 0.177345
-0.441337 0.178238
-0.435559 0.181250
-0.440897 0.174991
-0.439353 0.173086
-0.441428 0.171256
-0.440506 0.171405
-0.439404 0.175596
-0.433294 0.178036
-0.437621 0.177514
-0.436370 0.175529
-0.440021 0.170540
-0.435412 0.172186
-0.420247 0.175738
-0.427974 0.171322
-0.428007 0.170217
-0.423896 0.167746
-0.424981 0.166441
-0.435587 0.163174
-0.435927 0.165431
-0.433522 0.163118
-0.439297 0.165438
-0.436870 0.164336
-0.431751 0.162585
-0.421676 0.161936
-0.414795 0.161144
-0.411975 0.162358
-0.418180 0.159477
-0.422569 0.158402
-0.419882 0.158107
-0.416642 0.160658
-0.417158 0.162077
-0.418875 0.159459
-0.421188 0.160612
-0.418185 0.165312
-0.412864 0.169709
-0.403724 0.169003
-0.403039 0.171544
-0.400525 0.171287
-0.403404 0.166142
-0.406488 0.168510
-0.407821 0.167197
-0.404887 0.175099
-0.396452 0.170698
-0.405682 0.174173
-0.407185 0.172416
-0.404405 0.170485
-0.390552 0.167640
-0.391519 0.171471
-0.386744 0.171644
-0.387244 0.173888
-0.391672 0.174145
-0.386667 0.173318
-0.377355 0.169588
-0.371616 0.168021
-0.363680 0.167232
-0.368931 0.164900
-0.382384 0.162940
-0.379414 0.165003
-0.375812 0.162497
-0.380727 0.162048
-0.378031 0.163552
-0.365500 0.164475
-0.361019 0.163380
-0.362098 0.162957
-0.357039 0.164754
-0.355537 0.164990
-0.358124 0.164066
-0.357041 0.161052
-0.346692 0.159484
-0.346026 0.155334
-0.335783 0.153060
-0.330052 0.153976
-0.335306 0.151530
-0.329340 0.147241
-0.320242 0.143379
-0.317315 0.142474
-0.314227 0.140694
-0.327581 0.138844
-0.331683 0.136113
-0.325009 0.136800
-0.327951 0.134010
-0.326967 0.134026
-0.321290 0.129691
-0.318421 0.128668
-0.318812 0.125753
-0.321416 0.126828
-0.323373 0.125238
-0.321062 0.122300
-0.327619 0.125904
-0.333482 0.122954
-0.331698 0.124942
-0.323462 0.120215
-0.328310 0.125246
-0.332774 0.125024
-0.324724 0.122985
-0.339300 0.121048
-0.330664 0.122259
-0.344002 0.122312
-0.340315 0.124082
-0.336866 0.121765
-0.341743 0.115710
-0.342003 0.116885
-0.344726 0.115901
-0.339258 0.115960
-0.337919 0.118824
-0.337852 0.119870
-0.332351 0.121288
-0.329188 0.123451
-0.326582 0.120336
-0.319817 0.120711
-0.328989 0.120291
-0.336572 0.116085
-0.328997 0.116347
-0.342011 0.113139
-0.351450 0.112319
-0.352727 0.113474
-0.351648 0.110107
-0.350782 0.106433
-0.357602 0.102713
-0.360837 0.101758
-0.349842 0.106761
-0.349183 0.108147
-0.339606 0.108045
-0.337927 0.107197
-0.330225 0.109359
-0.324519 0.109394
-0.323065 0.107981
-0.319972 0.107925
-0.312725 0.117615
-0.308971 0.123895
-0.306579 0.120580
-0.300745 0.120532
-0.301263 0.122657
-0.302407 0.122089
-0.304738 0.116567
-0.305869 0.115801
-0.301731 0.112099
-0.304454 0.113740
-0.305040 0.107095
-0.302122 0.105082
-0.306554 0.098364
-0.303705 0.100280
-0.306834 0.096428
-0.303501 0.097854
-0.301394 0.100072
-0.302015 0.098788
-0.304400 0.096883
-0.294099 0.098264
-0.293527 0.104406
-0.293167 0.103100
-0.302829 0.095835
-0.298896 0.102950
-0.298639 0.101585
-0.289139 0.107132
-0.294542 0.103472
-0.291811 0.108485
-0.289909 0.108897
-0.282885 0.105345
-0.279788 0.100776
-0.275611 0.100918
-0.272099 0.104197
-0.274067 0.098091
-0.271636 0.095422
-0.273149 0.092443
-0.264659 0.097755
-0.268353 0.095755
-0.264299 0.098649
-0.272576 0.090264
-0.269118 0.094459
-0.268159 0.094285
-0.268210 0.092774
-0.270512 0.091827
-0.265688 0.095931
-0.252904 0.099612
-0.251665 0.104141
-0.249331 0.103526
-0.242216 0.101571
-0.243645 0.103878
-0.244974 0.099686
-0.238775 0.105496
-0.243709 0.103182
-0.240018 0.100936
-0.239038 0.104529
-0.236858 0.103346
-0.231817 0.100485
-0.234014 0.098156
-0.234573 0.097119
-0.238300 0.097110
-0.236128 0.096162
-0.233292 0.096045
-0.231074 0.097849
-0.237479 0.093711
-0.241076 0.089952
-0.246649 0.088698
-0.245454 0.087368
-0.236813 0.088562
-0.236811 0.091087
-0.229297 0.092651
-0.228739 0.089126
-0.228870 0.091237
-0.235621 0.085376
-0.235426 0.082820
-0.225298 0.087753
-0.214950 0.089370
-0.213401 0.088280
-0.214446 0.086306
-0.212562 0.083779
-0.210570 0.085147
-0.207173 0.085598
-0.214227 0.082392
-0.213131 0.082647
-0.218159 0.082643
-0.226886 0.083538
-0.233455 0.078484
-0.232274 0.072715
-0.235906 0.070474
-0.233307 0.069113
-0.236645 0.067195
-0.237204 0.071795
-0.232400 0.079092
-0.227608 0.082128
-0.225675 0.082825
-0.229440 0.076789
-0.234095 0.075939
-0.233109 0.076227
-0.227174 0.077329
-0.227464 0.076487
-0.225343 0.074733
-0.230875 0.070926
-0.228705 0.072477
-0.230559 0.071979
-0.223249 0.072775
-0.222856 0.071324
-0.218498 0.072228
-0.218239 0.074866
-0.218866 0.074186
-0.225455 0.069057
-0.210439 0.075110
-0.211214 0.072368
-0.207609 0.076367
-0.203416 0.076396
-0.207649 0.073275
-0.213714 0.066642
-0.217658 0.069017
-0.208621 0.075832
-0.207563 0.074430
-0.210297 0.067308
-0.206883 0.068535
-0.209022 0.067661
-0.211343 0.067798
-0.203766 0.073401
-0.196828 0.076884
-0.201058 0.070426
-0.198844 0.070672
-0.209673 0.062290
-0.207672 0.062537
-0.203200 0.068172
-0.194934 0.074857
-0.197793 0.071053
-0.198338 0.065911
-0.197489 0.067719
-0.195080 0.065189
-0.197624 0.062323
-0.197704 0.061157
-0.199579 0.058910
-0.189983 0.064906
-0.180096 0.064786
-0.183086 0.067665
-0.178713 0.067277
-0.181322 0.066617
-0.175079 0.065995
-0.177728 0.067732
-0.181985 0.064515
-0.176019 0.065470
-0.176877 0.064805
-0.179518 0.068508
-0.184824 0.064674
-0.184896 0.065175
-0.180756 0.064091
-0.182009 0.062998
-0.173667 0.063304
-0.181623 0.059585
-0.182799 0.053919
-0.184588 0.053108
-0.187058 0.053308
-0.190814 0.049704
-0.189142 0.049269
-0.183841 0.047306
-0.177119 0.050116
-0.175457 0.051618
-0.176349 0.050589
-0.178218 0.049714
-0.178618 0.047388
-0.181832 0.045515
-0.180511 0.046080
-0.177815 0.045821
-0.176026 0.044867
-0.183718 0.042578
-0.189853 0.039035
-0.183543 0.039106
-0.186416 0.035700
-0.188941 0.030023
-0.197365 0.026402
-0.197000 0.027949
-0.197478 0.028121
-0.191160 0.026024
-0.183741 0.029414
-0.179568 0.036275
-0.179951 0.037628
-0.174510 0.037530
-0.173086 0.041891
-0.175749 0.043604
-0.171432 0.046569
-0.172311 0.043929
-0.165931 0.046717
-0.173459 0.044661
-0.180003 0.038318
-0.187877 0.033426
-0.185156 0.032635
-0.180455 0.035155
-0.181419 0.034378
-0.180195 0.031922
-0.182106 0.030821
-0.186415 0.024000
-0.180118 0.029848
-0.189626 0.024607
-0.189113 0.028850
-0.192127 0.026651
-0.197746 0.026690
-0.198280 0.021436
-0.198854 0.020172
-0.193183 0.026240
-0.197743 0.024813
-0.194132 0.025181
-0.193103 0.022981
-0.194259 0.021106
-0.193565 0.021187
-0.188505 0.022647
-0.180131 0.024987
-0.178915 0.024306
-0.179235 0.026763
-0.174772 0.028693
-0.176676 0.028530
-0.175031 0.031987
-0.170208 0.034001
-0.171117 0.034694
-0.164923 0.038222
-0.173604 0.031214
-0.169004 0.033820
-0.163458 0.034569
-0.165697 0.032956
-0.165450 0.036424
-0.165819 0.041249
-0.164223 0.041302
-0.167118 0.039315
-0.172661 0.034104
-0.169054 0.032105
-0.171144 0.026720
-0.163084 0.033127
-0.172161 0.024601
-0.170528 0.025124
-0.167078 0.026324
-0.159802 0.031723
-0.157263 0.035988
-0.158035 0.033492
-0.159956 0.024769
-0.158873 0.022521
-0.156005 0.019578
-0.152013 0.024817
-0.149666 0.023245
-0.150583 0.019175
-0.150164 0.017205
-0.153477 0.015583
-0.155799 0.011952
-0.155133 0.010242
-0.151977 0.011704
-0.149117 0.011397
-0.148627 0.011115
-0.144847 0.011706
-0.142811 0.009567
-0.144827 0.005186
-0.148597 0.002387
-0.148084 -0.000453
-0.150100 -0.003623
-0.148496 -0.000264
-0.148165 -0.001341
-0.152346 -0.005756
-0.152744 -0.004932
-0.153889 -0.006573
-0.154852 -0.007439
-0.153347 -0.005006
-0.153069 -0.005541
-0.156689 -0.007318
-0.161789 -0.010807
-0.158607 -0.012625
-0.157472 -0.010598
-0.158429 -0.012838
-0.156366 -0.011665
-0.160553 -0.018318
-0.158814 -0.021055
-0.155675 -0.018245
-0.159296 -0.023877
-0.159419 -0.025841
-0.157298 -0.024180
-0.159003 -0.032650
-0.158486 -0.027473
-0.158136 -0.027697
-0.157426 -0.031399
-0.152937 -0.031940
-0.156919 -0.028868
-0.156178 -0.028785
-0.154907 -0.021092
-0.160442 -0.026396
-0.155430 -0.023851
-0.150747 -0.024123
-0.152612 -0.023579
-0.151940 -0.023105
-0.151441 -0.027342
-0.155444 -0.030203
-0.146812 -0.026200
-0.146351 -0.024935
-0.149105 -0.023804
-0.148281 -0.019910
-0.149329 -0.021637
-0.146633 -0.016890
-0.143794 -0.017722
-0.139497 -0.015192
-0.136406 -0.013960
-0.137679 -0.012719
-0.134984 -0.007823
-0.137779 -0.006493
-0.136746 -0.004324
-0.129200 0.001225
-0.131642 -0.004626
-0.131217 -0.005169
-0.128163 -0.002587
-0.129572 -0.006290
-0.127167 -0.001600
-0.130553 -0.008911
-0.127677 -0.009530
-0.126550 -0.006978
-0.125578 -0.007803
-0.116865 -0.006552
-0.117267 -0.005917
-0.115297 -0.005527
-0.111373 -0.008722
-0.113279 -0.012332
-0.109868 -0.009075
-0.107890 -0.012932
-0.106891 -0.012822
-0.106017 -0.012176
-0.101099 -0.005828
-0.102416 -0.010021
-0.103969 -0.014502
-0.100267 -0.011411
-0.102133 -0.006837
-0.100766 -0.004036
-0.096815 -0.005921
-0.096476 -0.010424
-0.093610 -0.008686
-0.093893 -0.011441
-0.094195 -0.012987
-0.095906 -0.021349
-0.096145 -0.025993
-0.100301 -0.032233
-0.099544 -0.030573
-0.097020 -0.029095
-0.096031 -0.033698
-0.095285 -0.033075
-0.094113 -0.030278
-0.095115 -0.033567
-0.095279 -0.029643
-0.095509 -0.031137
-0.093644 -0.034258
-0.093481 -0.031152
-0.094817 -0.025685
-0.092027 -0.020342
-0.087766 -0.018976
-0.087301 -0.025304
-0.088188 -0.029552
-0.086407 -0.032347
-0.088755 -0.027231
-0.089696 -0.027305
-0.089063 -0.024795
-0.089782 -0.020364
-0.088013 -0.018805
-0.088706 -0.020382
-0.088316 -0.011652
-0.084803 -0.010487
-0.084093 -0.011789
-0.082729 -0.008129
-0.083555 -0.004914
-0.081157 -0.001116
-0.079388 -0.001713
-0.080475 -0.005002
-0.082281 -0.006249
-0.084722 -0.012769
-0.084378 -0.017896
-0.081708 -0.012419
-0.080205 -0.015076
-0.081109 -0.018917
-0.079644 -0.016414
-0.080116 -0.015540
-0.077027 -0.009987
-0.075920 -0.007262
-0.075984 -0.004352
-0.076499 -0.009590
-0.077962 -0.013111
-0.078888 -0.017187
-0.079117 -0.020569
-0.076561 -0.013605
-0.078088 -0.023830
-0.075121 -0.023274
-0.072491 -0.012780
-0.075455 -0.015812
-0.075394 -0.016444
-0.076599 -0.018557
-0.077762 -0.017596
-0.075122 -0.017400
-0.073959 -0.008165
-0.073902 -0.008562
-0.071585 -0.004612
-0.072367 -0.006425
-0.069821 -0.009316
-0.069360 -0.012625
-0.067848 -0.013147
-0.065455 -0.009040
-0.064935 -0.005601
-0.068262 -0.015357
-0.067626 -0.018852
-0.068869 -0.016174
-0.067850 -0.017997
-0.068052 -0.021770
-0.066770 -0.016411
-0.069012 -0.020190
-0.072048 -0.028642
-0.072519 -0.029025
-0.072186 -0.029888
-0.069460 -0.023336
-0.069716 -0.021323
-0.070390 -0.022875
-0.068959 -0.022291
-0.069920 -0.022383
-0.071379 -0.026911
-0.070197 -0.024644
-0.070731 -0.025984
-0.072082 -0.021181
-0.074927 -0.030582
-0.074238 -0.032388
-0.073885 -0.033200
-0.072339 -0.024832
-0.072534 -0.024423
-0.069398 -0.018667
-0.067672 -0.024302
-0.066688 -0.022587
-0.066793 -0.024119
-0.065165 -0.014596
-0.065785 -0.010311
-0.066383 -0.010444
-0.065153 -0.002739
-0.064928 -0.001761
-0.064390 -0.006148
-0.060282 -0.005594
-0.060307 -0.004661
-0.060369 -0.012817
-0.063575 -0.023514
-0.068391 -0.027436
-0.069073 -0.027686
-0.068999 -0.030434
-0.069097 -0.030700
-0.071714 -0.031882
-0.067262 -0.031005
-0.068991 -0.034936
-0.065944 -0.031325
-0.063831 -0.030443
-0.060634 -0.019786
-0.060059 -0.022678
-0.061298 -0.028101
-0.064245 -0.029901
-0.063766 -0.032685
-0.063481 -0.033250
-0.061040 -0.031973
-0.062081 -0.030190
-0.058500 -0.023780
-0.058292 -0.025092
-0.054864 -0.022550
-0.052680 -0.022243
-0.050306 -0.019086
-0.052829 -0.012947
-0.051688 -0.012414
-0.049646 -0.017626
-0.050985 -0.018709
-0.052338 -0.023648
-0.047213 -0.020508
-0.045318 -0.021140
-0.045447 -0.018104
-0.047482 -0.021611
-0.048861 -0.023362
-0.049433 -0.024831
-0.049116 -0.026178
-0.047302 -0.019679
-0.050465 -0.020724
-0.051181 -0.014133
-0.047968 -0.014024
-0.048470 -0.012224
-0.046717 -0.010707
-0.045702 -0.012785
-0.046121 -0.016424
-0.047249 -0.013384
-0.046863 -0.009620
-0.045394 -0.008953
-0.045233 -0.007193
-0.045840 -0.005865
-0.046442 -0.001847
-0.044111 -0.001527
-0.041246 -0.002366
-0.037024 -0.003919
-0.034428 -0.004799
-0.032531 -0.008794
-0.032698 -0.006175
-0.030385 -0.012934
-0.029978 -0.014384
-0.029524 -0.013917
-0.033588 -0.011454
-0.031731 -0.011224
-0.033889 -0.012579
-0.033856 -0.009775
-0.033601 -0.006456
-0.034882 -0.006938
-0.036379 -0.010550
-0.035457 -0.010675
-0.036080 -0.008183
-0.035386 -0.008742
-0.032430 -0.009334
-0.033102 -0.012405
-0.034163 -0.013316
-0.033919 -0.010863
-0.035213 -0.008402
-0.032913 -0.013029
-0.031653 -0.017167
-0.030523 -0.021556
-0.030198 -0.024796
-0.029201 -0.024447
-0.028086 -0.025598
-0.027540 -0.024984
-0.029805 -0.020163
-0.029976 -0.018017
-0.027590 -0.024032
-0.030181 -0.019518
-0.028945 -0.019372
-0.027574 -0.021513
-0.027546 -0.023098
-0.026653 -0.024126
-0.025772 -0.021066
-0.027761 -0.024332
-0.025575 -0.023784
-0.022751 -0.021724
-0.024237 -0.026019
-0.025378 -0.027862
-0.024676 -0.029617
-0.020006 -0.028408
-0.020536 -0.025463
-0.017618 -0.022179
-0.020376 -0.023065
-0.020952 -0.023919
-0.021266 -0.027017
-0.020102 -0.026844
-0.019251 -0.027505
-0.018433 -0.028722
-0.018699 -0.025351
-0.019493 -0.019153
-0.017567 -0.018248
-0.014437 -0.018153
-0.014088 -0.015659
-0.012439 -0.011821
-0.011693 -0.013851
-0.011135 -0.014145
-0.008967 -0.008895
-0.007091 -0.008996
-0.005121 -0.008563
-0.006513 -0.004020
-0.007459 -0.003469
-0.007595 -0.002734
-0.005802 -0.000487
-0.008284 0.006827
-0.008041 0.006208
-0.008791 0.009765
-0.008589 0.011532
-0.007487 0.007881
-0.007738 0.006879
-0.006742 0.005561
-0.005625 0.003810
-0.001932 0.003040
-0.002792 0.002588
-0.000909 0.000511
-0.001523 0.002647
-0.001395 0.000504
-0.001591 0.001104
-0.001577 -0.000524
-0.002518 -0.000942
0.000225 -0.003756
0.001391 -0.008475
0.000825 -0.007853
0.002673 -0.008521
0.001110 -0.009801
0.001133 -0.008837
0.002122 -0.004828
0.002817 -0.006285
0.004446 -0.006180
0.003708 -0.005684
0.004025 -0.007154
0.005873 -0.007739
0.005877 -0.005984
0.008248 -0.004204
0.010131 -0.001431
0.011676 -0.003173
0.012028 -0.003133
0.012648 -0.000586
0.014124 -0.002662
0.013527 -0.003093
0.012049 -0.001529
0.012130 -0.002408
0.011371 -0.002287
0.011644 -0.003642
0.009412 -0.001440
0.007760 0.001806
0.007865 0.003123
0.008617 0.002000
0.008203 0.001766
0.004478 0.002703
0.004949 0.002408
0.004957 0.005913
0.004989 0.003488
0.005435 0.001399
0.005486 0.003956
0.003946 0.003143
0.004716 0.006101
0.005095 0.006370
0.007248 0.004820
0.008672 0.005765
0.011703 0.006125
0.008946 0.008138
0.011160 0.005731
0.011815 0.004796
0.010934 0.004643
0.007121 0.009829
0.009425 0.011484
0.008494 0.012097
0.010732 0.009621
0.012130 0.008495
0.010226 0.012575
0.010250 0.014639
0.013005 0.015363
0.012579 0.015447
0.015818 0.012559
0.016610 0.012267
0.015997 0.013752
0.014264 0.013648
0.015327 0.015988
0.015620 0.016271
0.014314 0.018784
0.015534 0.020329
0.013918 0.023911
0.013834 0.022113
0.012997 0.021764
0.013303 0.019393
0.013900 0.018920
0.013218 0.022179
0.011486 0.026027
0.013150 0.024477
0.012950 0.027398
0.011997 0.029733
0.010803 0.028041
0.010510 0.025818
0.009452 0.022956
0.012472 0.022805
0.011554 0.024143
0.011218 0.027814
0.012696 0.029639
0.013925 0.029166
0.014304 0.026154
0.014803 0.025972
0.016619 0.024079
0.017525 0.022301
0.018994 0.022750
0.017762 0.025197
0.019426 0.024669
0.019726 0.022195
0.019046 0.024194
0.016365 0.027228
0.014358 0.027935
0.019462 0.023915
0.020005 0.027882
0.020348 0.025442
0.019837 0.026400
0.018629 0.029766
0.019198 0.026971
0.016590 0.034817
0.018662 0.035749
0.018854 0.036808
0.019663 0.038580
0.019756 0.041609
0.019837 0.046345
0.016241 0.050418
0.016152 0.047656
0.016262 0.049201
0.017420 0.052409
0.017579 0.052358
0.016768 0.055498
0.020326 0.050602
0.021037 0.048068
0.021897 0.045315
0.020490 0.044497
0.020364 0.045177
0.022793 0.049800
0.022803 0.050444
0.023868 0.051529
0.025066 0.051967
0.023594 0.046064
0.022244 0.045765
0.022811 0.043530
0.023271 0.039498
0.023324 0.041415
0.023612 0.039616
0.025803 0.038170
0.026288 0.032325
0.028218 0.032916
0.025810 0.034286
0.026736 0.034645
0.025545 0.037940
0.026012 0.034869
0.028219 0.031628
0.029159 0.032451
0.028073 0.035228
0.028851 0.032342
0.027791 0.033396
0.029673 0.032649
0.030644 0.031664
0.030619 0.032563
0.032068 0.029486
0.031321 0.031378
0.032143 0.033506
0.033810 0.032176
0.034183 0.029741
0.033416 0.027553
0.033654 0.031346
0.033984 0.031290
0.034561 0.030793
0.035235 0.029456
0.036675 0.026658
0.037202 0.025680
0.035769 0.028338
0.036773 0.025593
0.036107 0.028293
0.037317 0.031309
0.037544 0.031178
0.038461 0.028370
0.035989 0.027540
0.035756 0.027786
0.036186 0.029984
0.037954 0.033593
0.038021 0.036712
0.036086 0.038595
0.033867 0.043673
0.033483 0.046200
0.032028 0.043911
0.031681 0.046218
0.033014 0.042924
0.030791 0.046660
0.031010 0.048947
0.030555 0.052952
0.028835 0.054190
0.029344 0.055706
0.029037 0.051416
0.031668 0.048574
0.029898 0.051468
0.032104 0.052549
0.034889 0.048280
0.036610 0.047193
0.036280 0.047646
0.036867 0.047172
0.037043 0.052513
0.038954 0.052705
0.039635 0.052028
0.042323 0.051053
0.045092 0.048422
0.046869 0.054055
0.047108 0.049275
0.046184 0.049825
0.043917 0.050056
0.044819 0.051419
0.047275 0.050838
0.048458 0.051698
0.048970 0.053981
0.047778 0.052006
0.048178 0.053963
0.047336 0.055768
0.050143 0.056486
0.051275 0.057045
0.048248 0.060331
0.045969 0.062488
0.047333 0.066062
0.050954 0.062085
0.051639 0.062619
0.050038 0.064881
0.051090 0.065148
0.050853 0.063511
0.051027 0.059675
0.052163 0.053294
0.051269 0.057859
0.049319 0.056505
0.054309 0.055711
0.054424 0.055859
0.054726 0.050715
0.054933 0.048180
0.057816 0.041522
0.060012 0.039517
0.061215 0.042622
0.060436 0.043035
0.059735 0.043812
0.059150 0.049480
0.057333 0.049912
0.059559 0.048406
0.060600 0.048034
0.058504 0.046963
0.059960 0.044924
0.061269 0.044809
0.062170 0.048431
0.063053 0.050680
0.064839 0.053516
0.063897 0.053855
0.064852 0.051341
0.066518 0.048858
0.067878 0.047564
0.069223 0.050891
0.067836 0.053042
0.067537 0.053530
0.065645 0.056340
0.066412 0.056288
0.064529 0.060560
0.064337 0.060308
0.063197 0.063515
0.063142 0.062560
0.064517 0.062491
0.064405 0.066577
0.065622 0.069228
0.063102 0.074065
0.063585 0.072606
0.061792 0.069310
0.059943 0.076971
0.059970 0.079824
0.059944 0.084825
0.059484 0.083397
0.059692 0.081661
0.058372 0.081478
0.059980 0.086095
0.058576 0.080803
0.061291 0.086747
0.062065 0.085833
0.063041 0.082581
0.064257 0.084271
0.063698 0.087336
0.062021 0.079232
0.060371 0.078711
0.062302 0.087318
0.062664 0.086764
0.063512 0.091990
0.063745 0.093055
0.063189 0.087784
0.063595 0.091293
0.063447 0.095972
0.062798 0.093968
0.063942 0.092374
0.063193 0.090391
0.060239 0.089177
0.058412 0.086758
0.058297 0.083596
0.055903 0.084149
0.055978 0.086231
0.055978 0.087575
0.057255 0.087207
0.056504 0.083761
0.054784 0.086320
0.055421 0.093101
0.057223 0.092041
0.054891 0.093753
0.055425 0.086904
0.054673 0.080853
0.054914 0.080600
0.054955 0.081124
0.056488 0.083872
0.055720 0.081855
0.056217 0.084298
0.058889 0.079789
0.058897 0.086393
0.061402 0.089142
0.060920 0.090449
0.061277 0.091146
0.063794 0.094679
0.067843 0.094711
0.068686 0.095009
0.069613 0.098995
0.071336 0.097661
0.069540 0.091461
0.072039 0.093364
0.070792 0.088721
0.069613 0.081147
0.069367 0.083453
0.069754 0.081678
0.069961 0.076501
0.072549 0.076142
0.072757 0.073947
0.076540 0.077768
0.074207 0.074376
0.074257 0.074633
0.076046 0.078183
0.075608 0.076725
0.074663 0.080645
0.076584 0.086450
0.075809 0.081508
0.076211 0.079232
0.075880 0.079153
0.078272 0.085593
0.079017 0.082259
0.079458 0.073709
0.081987 0.071985
0.083491 0.073865
0.084346 0.073797
0.087284 0.077608
0.088944 0.071819
0.090566 0.070400
0.090195 0.065829
0.089591 0.069794
0.088677 0.068854
0.090564 0.067302
0.089901 0.065832
0.090530 0.064906
0.092268 0.068830
0.094229 0.072811
0.091886 0.070685
0.093574 0.071771
0.092662 0.069127
0.090556 0.069906
0.089419 0.064597
0.089194 0.063008
0.086992 0.065288
0.087405 0.067690
0.086664 0.065307
0.085882 0.065529
0.085489 0.064528
0.085940 0.066774
0.085523 0.062900
0.086146 0.063572
0.087923 0.068646
0.089617 0.070245
0.090524 0.073764
0.089864 0.072294
0.086087 0.070882
0.086315 0.070268
0.088533 0.070590
0.086973 0.071332
0.086455 0.071390
0.085793 0.070981
0.088382 0.077420
0.091494 0.078738
0.094567 0.081855
0.092541 0.079969
0.092336 0.077737
0.091764 0.076606
0.092786 0.078550
0.094070 0.081964
0.096006 0.080613
0.093404 0.083957
0.096370 0.087512
0.097351 0.084145
0.097005 0.083729
0.096448 0.081158
0.094373 0.080827
0.092746 0.081954
0.095163 0.083878
0.093705 0.082470
0.095252 0.080163
0.094316 0.079321
0.096167 0.080025
0.099035 0.083942
0.098969 0.082305
0.100428 0.083043
0.102123 0.085703
0.101015 0.082858
0.101806 0.082962
0.103160 0.081548
0.103118 0.079944
0.103306 0.080442
0.103290 0.080069
0.102536 0.076863
0.105072 0.078014
0.106079 0.076627
0.107587 0.078897
0.108331 0.076399
0.106220 0.073686
0.105987 0.073326
0.103232 0.067520
0.102895 0.068109
0.101487 0.063996
0.100966 0.061875
0.102062 0.062678
0.099811 0.060880
0.099981 0.059367
0.100123 0.057417
0.101375 0.057548
0.100193 0.054935
0.101012 0.056591
0.098753 0.054485
0.097069 0.050189
0.100630 0.054137
0.102298 0.056069
0.106183 0.060112
0.103407 0.052579
0.101241 0.051856
0.102929 0.054901
0.105003 0.056090
0.107625 0.057560
0.105075 0.051385
0.102638 0.049992
0.103435 0.050975
0.103733 0.051602
0.103694 0.052690
0.105688 0.053991
0.105632 0.056406
0.104758 0.055447
0.108301 0.059570
0.110056 0.062993
0.107590 0.063740
0.111338 0.068219
0.110112 0.069536
0.113491 0.074165
0.114714 0.071608
0.116390 0.071142
0.118211 0.074200
0.121387 0.079694
0.122862 0.082265
0.121756 0.080241
0.125394 0.082404
0.125034 0.081930
0.125871 0.083118
0.127668 0.083960
0.134666 0.085286
0.133877 0.087127
0.133771 0.088381
0.134733 0.088894
0.134783 0.086422
0.131498 0.083267
0.132575 0.085796
0.129920 0.084100
0.132909 0.083086
0.131610 0.084964
0.132656 0.082690
0.132497 0.079378
0.130549 0.076237
0.133788 0.077436
0.128757 0.076418
0.127659 0.074880
0.124850 0.073969
0.124545 0.073868
0.123066 0.074787
0.123497 0.075805
0.122297 0.074881
0.122900 0.076221
0.120544 0.078414
0.124918 0.080584
0.132806 0.084114
0.128713 0.086282
0.129323 0.088945
0.126713 0.088125
0.129267 0.085821
0.126092 0.086329
0.125178 0.087300
0.121989 0.088396
0.125967 0.088038
0.127129 0.087411
0.130853 0.090429
0.130983 0.089890
0.134893 0.089309
0.135789 0.094497
0.137372 0.097364
0.140207 0.098570
0.140637 0.098847
0.139162 0.098057
0.145139 0.095279
0.143695 0.094009
0.142348 0.091007
0.140327 0.088888
0.140732 0.089461
0.136935 0.088697
0.131494 0.087426
0.135264 0.089640
0.136607 0.093281
0.138420 0.091523
0.135540 0.090064
0.136560 0.088674
0.135644 0.085712
0.137474 0.084310
0.139685 0.079748
0.135493 0.075778
0.137521 0.076544
0.134721 0.074495
0.134576 0.074411
0.130125 0.070369
0.137378 0.073281
0.139957 0.074080
0.139024 0.070973
0.139664 0.068930
0.141772 0.069910
0.143542 0.070619
0.143457 0.068450
0.138067 0.065165
0.132074 0.061911
0.131012 0.059686
0.127300 0.057360
0.129113 0.058600
0.127305 0.056246
0.128994 0.057623
0.130437 0.057783
0.132520 0.057799
0.132726 0.058703
0.135184 0.059450
0.134943 0.057953
0.134477 0.057931
0.132281 0.055843
0.132937 0.054893
0.129281 0.051785
0.130164 0.052985
0.131790 0.054181
0.128981 0.050027
0.126994 0.051128
0.124578 0.050773
0.123890 0.049727
0.127624 0.053231
0.133363 0.058400
0.136247 0.062000
0.140083 0.064106
0.139162 0.062996
0.137277 0.063002
0.140047 0.064451
0.143622 0.065839
0.145358 0.065364
0.150135 0.069707
0.149307 0.070991
0.147670 0.068689
0.150062 0.068133
0.150584 0.066306
0.149182 0.064393
0.148042 0.063965
0.148110 0.061267
0.147728 0.060240
0.147982 0.060856
0.148579 0.061059
0.147442 0.060652
0.147308 0.061728
0.146645 0.064017
0.141580 0.061681
0.138577 0.058810
0.135591 0.054972
0.135828 0.054176
0.139573 0.054843
0.140248 0.055618
0.138072 0.055757
0.138265 0.056273
0.135866 0.054831
0.138529 0.057513
0.137747 0.057514
0.142553 0.057480
0.136695 0.055422
0.139950 0.057705
0.137500 0.053644
0.135640 0.051711
0.136393 0.051484
0.131780 0.046619
0.128082 0.044466
0.127147 0.042603
0.127042 0.040899
0.127084 0.039155
0.130189 0.041539
0.125382 0.035959
0.124854 0.033284
0.129288 0.035659
0.128984 0.035599
0.128349 0.034940
0.126741 0.032770
0.126831 0.032622
0.126973 0.032898
0.125806 0.032276
0.123216 0.030379
0.124490 0.030361
0.127083 0.030874
0.131595 0.032974
0.132853 0.033088
0.131202 0.032301
0.132931 0.033615
0.135944 0.037328
0.134079 0.038380
0.136630 0.041625
0.138631 0.042544
0.137415 0.042236
0.137744 0.041339
0.145054 0.045311
0.137612 0.039479
0.136258 0.037521
0.135098 0.037089
0.136664 0.039612
0.139823 0.041218
0.141889 0.044917
0.142279 0.042790
0.141383 0.042245
0.138238 0.038722
0.138410 0.038039
0.138806 0.036230
0.138975 0.035064
0.135886 0.034081
0.139923 0.035677
0.139448 0.033609
0.139687 0.032363
0.141287 0.034462
0.144337 0.036940
0.146281 0.038694
0.145129 0.036726
0.145684 0.035436
0.145317 0.034992
0.141171 0.031474
0.143818 0.032148
0.150405 0.035036
0.150168 0.033438
0.150985 0.034033
0.144453 0.030664
0.146336 0.030730
0.148413 0.033710
0.142787 0.030340
0.145166 0.031035
0.143758 0.032036
0.146658 0.033374
0.148815 0.034954
0.150393 0.034192
0.149280 0.034293
0.151513 0.034158
0.145718 0.029557
0.147959 0.027040
0.151218 0.027417
0.151701 0.027947
0.146656 0.027159
0.147404 0.028198
0.147477 0.027808
0.145455 0.025455
0.143005 0.023453
0.143585 0.023630
0.137569 0.020329
0.140002 0.023558
0.140075 0.022710
0.140873 0.021962
0.140162 0.020932
0.139265 0.020002
0.140475 0.019316
0.138188 0.017271
0.139065 0.016769
0.142485 0.019256
0.140354 0.018467
0.139981 0.020198
0.143465 0.021252
0.146815 0.019929
0.150230 0.021674
0.154225 0.023193
0.154706 0.022066
0.158167 0.022559
0.159893 0.024366
0.161477 0.024286
0.163812 0.025711
0.160580 0.023234
0.162535 0.023423
0.162820 0.020765
0.163650 0.020684
0.162218 0.018976
0.162026 0.018864
0.161179 0.019130
0.158070 0.017419
0.164955 0.021683
0.163649 0.019969
0.164265 0.018732
0.162344 0.017189
0.162300 0.017650
0.167126 0.018664
0.169283 0.020017
0.172330 0.021771
0.170939 0.022128
0.173152 0.021358
0.171750 0.021923
0.174057 0.022480
0.173727 0.021088
0.170965 0.018789
0.170162 0.017290
0.165155 0.015296
0.166133 0.015322
0.168410 0.015056
0.169261 0.013857
0.169202 0.012168
0.174646 0.012922
0.174383 0.010625
0.172455 0.007814
0.174067 0.010364
0.174082 0.013342
0.175553 0.013856
0.173993 0.014956
0.174931 0.015656
0.170791 0.012122
0.170191 0.011323
0.173383 0.011346
0.171372 0.010425
0.171749 0.011718
0.169628 0.009934
0.173331 0.010839
0.174183 0.011191
0.171190 0.011228
0.173622 0.013536
0.172093 0.012142
0.169916 0.009907
0.173073 0.010277
0.169522 0.010170
0.170236 0.011974
0.164939 0.010323
0.163048 0.009057
0.164876 0.009524
0.167083 0.009132
0.168058 0.011480
0.168298 0.012874
0.167061 0.011368
0.168886 0.010384
0.168110 0.009826
0.170313 0.008790
0.172465 0.010466
0.172011 0.008663
0.174574 0.010360
0.166158 0.010007
0.166543 0.010819
0.161934 0.007889
0.163887 0.010226
0.165142 0.008897
0.163752 0.008180
0.161692 0.007303
0.165049 0.006903
0.161449 0.006197
0.162240 0.004308
0.161648 0.005338
0.161662 0.004755
0.157788 0.001829
0.153721 0.001087
0.152894 0.001450
0.154883 0.001475
0.155947 0.002008
0.151859 0.001422
0.151178 0.000346
0.156902 0.000157
0.155047 -0.000681
0.154818 -0.000178
0.156564 -0.000106
0.156178 -0.000103
0.159549 -0.000024
0.160893 -0.000924
0.163983 0.001000
0.161492 0.000167
0.164535 0.002358
0.164398 0.002282
0.163413 0.001233
0.162058 0.002184
0.166909 0.004372
0.169844 0.005186
0.173746 0.005897
0.166750 0.004645
0.162257 0.002109
0.162442 0.002623
0.157717 -0.000465
0.154848 -0.002512
0.151950 -0.002697
0.148898 -0.003062
0.150091 -0.003035
0.149889 -0.003495
0.150958 -0.002816
0.145926 -0.002965
0.146782 -0.001951
0.146098 -0.003419
0.144122 -0.002744
0.145663 -0.004213
0.148035 -0.004892
0.145825 -0.006856
0.142361 -0.007702
0.141134 -0.008421
0.146755 -0.007904
0.147752 -0.009562
0.149470 -0.011061
0.152590 -0.010960
0.152467 -0.011297
0.153657 -0.011177
0.153145 -0.011524
0.153768 -0.011859
0.149066 -0.013173
0.149039 -0.012436
0.147594 -0.012885
0.152145 -0.012734
0.150768 -0.012762
0.149226 -0.010661
0.145384 -0.011671
0.142344 -0.012287
0.143400 -0.012461
0.146610 -0.011717
0.144835 -0.013299
0.146119 -0.015499
0.146384 -0.016498
0.139635 -0.017550
0.137515 -0.018351
0.134594 -0.018026
0.140851 -0.016579
0.142143 -0.017766
0.141405 -0.018861
0.141148 -0.019771
0.139490 -0.020831
0.139411 -0.021331
0.141090 -0.020929
0.141753 -0.021029
0.140437 -0.022000
0.138743 -0.023860
0.140019 -0.026408
0.143533 -0.025439
0.144302 -0.027659
0.148587 -0.027777
0.144623 -0.028816
0.146710 -0.027359
0.146091 -0.028482
0.152486 -0.027508
0.153598 -0.028436
0.151304 -0.030196
0.151082 -0.030001
0.145176 -0.030975
0.145904 -0.031065
0.145427 -0.032998
0.149386 -0.034258
0.154751 -0.034275
0.145514 -0.035131
0.145017 -0.034276
0.145764 -0.035428
0.149516 -0.034826
0.147936 -0.034607
0.147675 -0.034802
0.151982 -0.034887
0.157597 -0.033380
0.161509 -0.032095
0.165718 -0.033904
0.164229 -0.033435
0.163763 -0.031276
0.164808 -0.032188
0.162739 -0.033059
0.165737 -0.032200
0.160984 -0.034075
0.162630 -0.032893
0.162386 -0.032110
0.170517 -0.031081
0.169360 -0.032426
0.160940 -0.033319
0.165000 -0.032263
0.166026 -0.033284
0.162743 -0.036834
0.160479 -0.036828
0.165050 -0.037789
0.165773 -0.038882
0.168449 -0.038052
0.171892 -0.039163
0.175669 -0.036550
0.171824 -0.037646
0.177219 -0.037362
0.176355 -0.038144
0.176506 -0.039064
0.171180 -0.041101
0.173638 -0.038690
0.169084 -0.041082
0.175110 -0.038647
0.178067 -0.037602
0.177074 -0.037671
0.176690 -0.037640
0.175790 -0.039438
0.176633 -0.041060
0.177115 -0.042066
0.177698 -0.041771
0.171385 -0.044174
0.165638 -0.044945
0.164300 -0.045592
0.168877 -0.044621
0.172459 -0.042447
0.167880 -0.044117
0.165988 -0.045237
0.157931 -0.045312
0.155146 -0.045815
0.157879 -0.047083
0.151709 -0.048846
0.145481 -0.048884
0.156950 -0.049987
0.151741 -0.049793
0.144404 -0.049737
0.148591 -0.050042
0.143907 -0.052183
0.144975 -0.053152
0.144250 -0.052962
0.148053 -0.052128
0.144744 -0.052437
0.148415 -0.050696
0.144837 -0.050278
0.146461 -0.052149
0.143526 -0.053893
0.144176 -0.054349
0.146191 -0.054136
0.151315 -0.055427
0.161206 -0.053737
0.156454 -0.054729
0.158826 -0.055264
0.148073 -0.057565
0.149092 -0.058969
0.154244 -0.059208
0.159105 -0.059518
0.161409 -0.058260
0.162728 -0.057334
0.153475 -0.057761
0.145039 -0.058167
0.150762 -0.059474
0.145338 -0.061014
0.137534 -0.062227
0.136017 -0.062352
0.134164 -0.063760
0.136988 -0.065276
0.140626 -0.066619
0.140807 -0.066002
0.142016 -0.065338
0.139813 -0.064226
0.138097 -0.066297
0.136026 -0.066951
0.133473 -0.069956
0.128593 -0.069431
0.127570 -0.070222
0.123017 -0.072147
0.122040 -0.073942
0.118454 -0.075119
0.118448 -0.074945
0.122329 -0.076000
0.121552 -0.076344
0.121648 -0.075137
0.124099 -0.077286
0.121144 -0.078099
0.119941 -0.077596
0.118744 -0.076001
0.117810 -0.078096
0.113112 -0.080201
0.113605 -0.079889
0.112015 -0.080227
0.112277 -0.082402
0.112294 -0.082886
0.108891 -0.084282
0.110843 -0.084293
0.110872 -0.084829
0.111298 -0.085042
0.111799 -0.089032
0.108699 -0.088247
0.108451 -0.091315
0.108022 -0.091167
0.103665 -0.091901
0.102688 -0.091648
0.100365 -0.091709
0.101085 -0.091324
0.101324 -0.089139
0.102490 -0.090141
0.104188 -0.093951
0.101120 -0.094221
0.101736 -0.095412
0.101755 -0.094465
0.103273 -0.093370
0.103921 -0.094203
0.099228 -0.093635
0.097582 -0.090209
0.095449 -0.090247
0.095304 -0.092760
0.092248 -0.096378
0.091480 -0.101481
0.091572 -0.100449
0.091834 -0.097957
0.094759 -0.098246
0.094158 -0.098459
0.092212 -0.098692
0.090392 -0.100526
0.088414 -0.099395
0.088863 -0.103378
0.090398 -0.100042
0.088720 -0.102457
0.087414 -0.103201
0.090474 -0.102651
0.090772 -0.104619
0.089561 -0.103612
0.094247 -0.102099
0.093609 -0.105788
0.092484 -0.102680
0.092280 -0.105228
0.095316 -0.103741
0.098058 -0.103110
0.096232 -0.104843
0.098982 -0.100024
0.096096 -0.099600
0.094157 -0.103921
0.093436 -0.103390
0.089888 -0.104211
0.088660 -0.104827
0.087573 -0.105017
0.091118 -0.102755
0.089300 -0.105382
0.087156 -0.107959
0.085873 -0.110306
0.087535 -0.109098
0.089081 -0.108834
0.086343 -0.110953
0.085786 -0.113938
0.084726 -0.116255
0.087989 -0.118403
0.088749 -0.119067
0.090380 -0.118230
0.091412 -0.120497
0.088825 -0.124152
0.089167 -0.126122
0.089570 -0.129212
0.089253 -0.131104
0.090190 -0.131027
0.088559 -0.132657
0.087636 -0.136183
0.083760 -0.144003
0.081931 -0.150055
0.074779 -0.162369
0.076784 -0.166590
0.072121 -0.169920
0.070767 -0.170867
0.068916 -0.169428
0.066558 -0.167649
0.068916 -0.168058
0.069197 -0.172491
0.070659 -0.175928
0.069744 -0.174186
0.065315 -0.169425
0.064101 -0.168133
0.066027 -0.170288
0.067109 -0.171631
0.066531 -0.168588
0.067241 -0.164756
0.072241 -0.165531
0.072341 -0.163849
0.072730 -0.158206
0.073913 -0.157116
0.076920 -0.158732
0.078186 -0.162768
0.082294 -0.149704
0.078893 -0.154083
0.078436 -0.152328
0.081399 -0.152211
0.083140 -0.146155
0.080770 -0.149629
0.084248 -0.153011
0.082340 -0.157250
0.081881 -0.161827
0.086795 -0.155131
0.086193 -0.156293
0.088313 -0.155800
0.083574 -0.160118
0.077510 -0.161747
0.079647 -0.161379
0.082337 -0.161155
0.084337 -0.151852
0.082875 -0.157836
0.084057 -0.156291
0.083129 -0.162010
0.085954 -0.163416
0.087194 -0.166066
0.085516 -0.162533
0.086319 -0.157685
0.084759 -0.157224
0.081932 -0.152616
0.082480 -0.152587
0.082323 -0.160559
0.081084 -0.158002
0.080717 -0.157978
0.081474 -0.157237
0.080047 -0.159243
0.082253 -0.158710
0.082668 -0.158280
0.086276 -0.158961
0.088290 -0.154227
0.087436 -0.156722
0.088759 -0.159727
0.089907 -0.156570
0.090668 -0.155816
0.089829 -0.157624
0.089177 -0.157653
0.087073 -0.156213
0.087624 -0.157980
0.087388 -0.150432
0.086519 -0.142372
0.085032 -0.140185
0.087319 -0.138611
0.087180 -0.138900
0.088058 -0.139993
0.090030 -0.134625
0.086824 -0.132083
0.084281 -0.128536
0.088050 -0.129100
0.088429 -0.127076
0.087854 -0.131534
0.086184 -0.132747
0.084752 -0.131453
0.085543 -0.129942
0.085425 -0.131661
0.082671 -0.129183
0.082249 -0.131479
0.082555 -0.134120
0.079296 -0.128774
0.078718 -0.130419
0.079580 -0.135023
0.080156 -0.135233
0.079755 -0.135913
0.077628 -0.136820
0.074628 -0.137464
0.076672 -0.136349
0.078426 -0.141270
0.077415 -0.139622
0.078386 -0.143395
0.076914 -0.148273
0.074784 -0.155928
0.076018 -0.155730
0.077807 -0.162901
0.078181 -0.157110
0.078683 -0.155149
0.077090 -0.154153
0.072825 -0.150993
0.069496 -0.151343
0.069723 -0.150612
0.066363 -0.153188
0.069082 -0.154181
0.068075 -0.146643
0.068737 -0.146150
0.066115 -0.143826
0.067810 -0.148894
0.069745 -0.152621
0.072641 -0.153298
0.067835 -0.152463
0.064173 -0.152323
0.067221 -0.152896
0.066951 -0.155404
0.063610 -0.151855
0.063289 -0.148838
0.062541 -0.149035
0.061737 -0.147072
0.063201 -0.149247
0.063876 -0.151335
0.066858 -0.151217
0.065726 -0.148507
0.065441 -0.146079
0.064906 -0.143046
0.068535 -0.144645
0.067452 -0.145653
0.066856 -0.145947
0.068436 -0.145845
0.068805 -0.144885
0.072022 -0.147542
0.068473 -0.151863
0.070019 -0.152414
0.064967 -0.151444
0.063417 -0.152473
0.062959 -0.153228
0.061350 -0.151111
0.060747 -0.149989
0.061202 -0.150259
0.062944 -0.150297
0.064520 -0.149447
0.063412 -0.147518
0.065935 -0.147793
0.062334 -0.147197
0.060518 -0.145568
0.061376 -0.143467
0.062339 -0.142044
0.063489 -0.140817
0.066497 -0.139916
0.068078 -0.138489
0.073817 -0.140307
0.075092 -0.138874
0.072155 -0.136023
0.070045 -0.134655
0.067419 -0.132165
0.068433 -0.131588
0.066673 -0.129330
0.066134 -0.128075
0.063755 -0.128560
0.067280 -0.128460
0.068344 -0.129306
0.069014 -0.127840
0.070210 -0.128972
0.070464 -0.130441
0.069441 -0.133483
0.067757 -0.131707
0.066599 -0.133359
0.064640 -0.135975
0.067133 -0.135545
0.069305 -0.134786
0.066903 -0.135196
0.067353 -0.136530
0.065778 -0.137087
0.066876 -0.138513
0.069486 -0.137772
0.070517 -0.138292
0.070288 -0.139503
0.068940 -0.139298
0.066388 -0.138076
0.072397 -0.142593
0.073169 -0.139506
0.071419 -0.140931
0.074270 -0.141685
0.071437 -0.138867
0.071610 -0.139018
0.073097 -0.143997
0.069489 -0.143989
0.068289 -0.141598
0.066578 -0.140996
0.070080 -0.140579
0.072590 -0.142047
0.073877 -0.140913
0.072889 -0.142856
0.074819 -0.144344
0.075798 -0.142693
0.074859 -0.137154
0.072843 -0.138422
0.077701 -0.142211
0.077144 -0.141428
0.075470 -0.139932
0.076691 -0.140350
0.078685 -0.139907
0.078429 -0.139474
0.075329 -0.130507
0.077686 -0.130401
0.075704 -0.132622
0.077548 -0.131658
0.078818 -0.129690
0.076036 -0.128563
0.077005 -0.132314
0.085929 -0.138140
0.087445 -0.141999
0.090556 -0.142582
0.092342 -0.143145
0.093816 -0.145143
0.095904 -0.143580
0.098346 -0.150335
0.100291 -0.149994
0.102533 -0.149391
0.103195 -0.148772
0.102575 -0.148646
0.101749 -0.148832
0.101710 -0.147453
0.102924 -0.150492
0.100870 -0.147993
0.099860 -0.149774
0.102657 -0.152511
0.104269 -0.153796
0.102559 -0.158070
0.100978 -0.164372
0.102640 -0.165659
0.101984 -0.168103
0.101278 -0.167582
0.102003 -0.171780
0.101600 -0.173430
0.101907 -0.178363
0.098372 -0.180977
0.100931 -0.179765
0.104813 -0.175512
0.109009 -0.179244
0.107662 -0.179500
0.107959 -0.177329
0.106316 -0.172873
0.107672 -0.167249
0.112606 -0.165358
0.111651 -0.166608
0.112689 -0.170796
0.113051 -0.172808
0.112731 -0.173580
0.111973 -0.167351
0.110955 -0.169949
0.112557 -0.168079
0.113966 -0.171634
0.115549 -0.173784
0.114369 -0.175217
0.113146 -0.177562
0.114069 -0.178581
0.115972 -0.177945
0.118639 -0.174666
0.119022 -0.169064
0.121210 -0.168778
0.121342 -0.167638
0.119936 -0.169714
0.118521 -0.166313
0.119195 -0.165267
0.122759 -0.169060
0.123187 -0.168097
0.123148 -0.161669
0.122521 -0.159140
0.125823 -0.161065
0.125080 -0.162636
0.125937 -0.163602
0.124286 -0.163724
0.123519 -0.159758
0.122657 -0.160587
0.124287 -0.163304
0.123176 -0.165665
0.122486 -0.161478
0.125176 -0.164560
0.125126 -0.166791
0.126948 -0.167109
0.126666 -0.165744
0.126353 -0.167491
0.127785 -0.162688
0.123793 -0.155547
0.125517 -0.154387
0.127997 -0.153223
0.131161 -0.154122
0.132037 -0.153093
0.132988 -0.154917
0.136611 -0.161949
0.137118 -0.159911
0.135381 -0.157597
0.136126 -0.157935
0.138293 -0.158453
0.138808 -0.157638
0.136129 -0.158337
0.137203 -0.157614
0.137315 -0.162151
0.136673 -0.160045
0.138005 -0.157704
0.138193 -0.156990
0.135943 -0.156721
0.133229 -0.150540
0.131770 -0.150088
0.133757 -0.148805
0.128811 -0.142495
0.128508 -0.142994
0.128542 -0.140185
0.129314 -0.141516
0.132001 -0.143158
0.132664 -0.147053
0.130600 -0.142894
0.126543 -0.137105
0.128244 -0.136189
0.126725 -0.134973
0.129542 -0.136367
0.131994 -0.140111
0.133188 -0.142397
0.132242 -0.139258
0.131638 -0.135203
0.129684 -0.134117
0.131500 -0.136505
0.126690 -0.130838
0.126960 -0.133076
0.124599 -0.130984
0.123829 -0.132124
0.122005 -0.131186
0.122905 -0.129610
0.123809 -0.132561
0.123775 -0.130215
0.128124 -0.133820
0.129616 -0.135714
0.133130 -0.137144
0.132088 -0.138549
0.132452 -0.140558
0.131554 -0.137664
0.132245 -0.134408
0.130236 -0.135644
0.125594 -0.131073
0.126933 -0.128895
0.129232 -0.131792
0.128522 -0.127941
0.126494 -0.124855
0.124362 -0.125425
0.123032 -0.123637
0.121185 -0.120870
0.119284 -0.121303
0.118925 -0.119047
0.122358 -0.122841
0.124050 -0.123087
0.125491 -0.122327
0.127624 -0.121458
0.129598 -0.123946
0.131329 -0.124441
0.131559 -0.125719
0.134214 -0.125753
0.136832 -0.126934
0.137328 -0.124962
0.140954 -0.129450
0.142485 -0.131288
0.139477 -0.129381
0.136207 -0.126374
0.135971 -0.123646
0.137450 -0.126992
0.139341 -0.128786
0.141570 -0.128124
0.138485 -0.126188
0.142950 -0.134622
0.142561 -0.135477
0.140633 -0.132487
0.138729 -0.127907
0.135972 -0.127231
0.139847 -0.127956
0.139671 -0.128833
0.136546 -0.123781
0.131203 -0.120862
0.129109 -0.118146
0.128725 -0.118805
0.128826 -0.118621
0.133119 -0.117867
0.130987 -0.116888
0.132336 -0.115664
0.131790 -0.114638
0.134158 -0.115411
0.133123 -0.116373
0.133199 -0.116077
0.131599 -0.115029
0.130472 -0.112283
0.131776 -0.112336
0.136260 -0.116379
0.132040 -0.113917
0.134911 -0.113781
0.137231 -0.113397
0.133190 -0.112579
0.133813 -0.112449
0.136097 -0.115921
0.137064 -0.115528
0.136210 -0.113420
0.139405 -0.116701
0.137781 -0.116067
0.142343 -0.118892
0.142633 -0.117266
0.145089 -0.119995
0.143848 -0.118755
0.149050 -0.119836
0.150963 -0.122627
0.151303 -0.124689
0.154710 -0.130204
0.158518 -0.131676
0.160434 -0.132221
0.159159 -0.133573
0.159706 -0.135607
0.155217 -0.133751
0.157532 -0.134459
0.160156 -0.137570
0.160565 -0.141892
0.156193 -0.137679
0.154262 -0.131454
0.156939 -0.130903
0.156198 -0.128620
0.157899 -0.130935
0.161523 -0.136920
0.161429 -0.137253
0.160727 -0.133362
0.160104 -0.132701
0.158387 -0.128678
0.161696 -0.133828
0.158342 -0.126925
0.157399 -0.125729
0.157000 -0.125062
0.161655 -0.127665
0.162065 -0.124818
0.164000 -0.123394
0.166760 -0.126443
0.166578 -0.126120
0.168719 -0.125534
0.167481 -0.122284
0.165318 -0.120070
0.164343 -0.115620
0.162917 -0.116426
0.165053 -0.117677
0.166018 -0.119122
0.167625 -0.119372
0.164173 -0.113334
0.165097 -0.112941
0.162098 -0.111999
0.158836 -0.109916
0.159860 -0.110479
0.163028 -0.110239
0.164068 -0.109558
0.165464 -0.107157
0.164223 -0.104953
0.165699 -0.106751
0.162961 -0.104222
0.163113 -0.102083
0.161998 -0.099441
0.165367 -0.101484
0.167073 -0.099784
0.165637 -0.099140
0.168999 -0.100130
0.167660 -0.098972
0.168623 -0.098825
0.172024 -0.098196
0.174229 -0.098830
0.176298 -0.100936
0.175412 -0.100082
0.172216 -0.097144
0.177708 -0.101262
0.181929 -0.102527
0.181921 -0.100536
0.183987 -0.102392
0.184005 -0.103305
0.184973 -0.106056
0.190074 -0.108209
0.194948 -0.111694
0.194118 -0.112746
0.194580 -0.114563
0.197672 -0.119253
0.199137 -0.116220
0.198051 -0.120267
0.198442 -0.117254
0.201490 -0.118721
0.203085 -0.120704
0.206152 -0.123946
0.211037 -0.126349
0.212390 -0.129104
0.213289 -0.131269
0.214185 -0.130432
0.218775 -0.131836
0.217490 -0.126491
0.217732 -0.123420
0.215441 -0.117763
0.218459 -0.119079
0.214342 -0.116844
0.214690 -0.114810
0.216971 -0.116580
0.216356 -0.117362
0.217996 -0.116606
0.216960 -0.113502
0.219079 -0.110468
0.219992 -0.107084
0.221336 -0.106409
0.225213 -0.104110
0.227997 -0.104439
0.228573 -0.102001
0.227680 -0.100295
0.227035 -0.097892
0.227342 -0.093718
0.229842 -0.095929
0.231446 -0.097529
0.230769 -0.095156
0.232897 -0.095670
0.227893 -0.093262
0.229650 -0.092882
0.228266 -0.090305
0.229032 -0.087768
0.230354 -0.089321
0.231124 -0.089232
0.233106 -0.087075
0.233251 -0.087557
0.235954 -0.087460
0.236335 -0.086741
0.237193 -0.085967
0.235639 -0.084163
0.238287 -0.081695
0.240530 -0.079940
0.238413 -0.080658
0.239471 -0.082450
0.240775 -0.081602
0.244754 -0.081273
0.244191 -0.082843
0.242638 -0.086139
0.244852 -0.091851
0.247023 -0.091373
0.246533 -0.090938
0.247069 -0.090492
0.246996 -0.087159
0.248550 -0.088104
0.250217 -0.086658
0.253540 -0.084426
0.254312 -0.083046
0.253213 -0.083209
0.257473 -0.087837
0.257362 -0.088499
0.258788 -0.088547
0.256126 -0.085118
0.253052 -0.083668
0.256135 -0.084521
